1.513676229946356067e+01,6.025801216441516672e+00,5.488203091219162388e+00,5.488203091219162388e+00,3.088245960777419974e+00,2.985775226387518355e+00,2.985775226387518355e+00,1.658988393598371580e+00,5.949130308161441061e-01,1.266567743770533883e-01,1.266567743770533883e-01,1.266567743770533883e-01,1.266567743770533883e-01,1.266567743770533883e-01,1.192401450914786776e-01,1.192401450914786776e-01,1.192401450914786776e-01,1.192401450914786776e-01,1.192401450914786776e-01,1.192401450914786776e-01,1.192401450914786776e-01
1.948512006289873000e+01,1.096326868458692871e+01,1.096326868458692871e+01,1.421342208881284819e+00,1.421342208881284819e+00,1.421342208881284819e+00,1.421342208881284819e+00,1.421342208881284819e+00,1.421342208881284819e+00,1.421342208881284819e+00,1.421342208881284819e+00,1.421342208881284819e+00,1.421342208881284819e+00,1.421342208881284819e+00,1.421342208881284819e+00,1.421342208881284819e+00,4.866563692677309261e-01,4.866563692677309261e-01,4.866563692677309261e-01,4.866563692677309261e-01,4.866563692677309261e-01
6.802468539619835219e+00,1.985499703631450341e+00,1.985499703631450341e+00,2.519367972217645413e-01,5.153184329703503971e-04,2.744703910213322360e-05,1.142682731155497015e-05,1.142682731155497015e-05,1.142682731155497015e-05,1.142682731155497015e-05,1.142682731155497015e-05,1.142682731155497015e-05,1.142682731155497015e-05,1.142682731155497015e-05,1.142682731155497015e-05,1.142682731155497015e-05,1.142682731155497015e-05,1.142682731155497015e-05,1.142682731155497015e-05,1.142682731155497015e-05,1.142682731155497015e-05
1.434859887684804924e+01,1.434859887684804924e+01,4.405653383113997457e+00,8.533683344271814075e-01,8.533683344271814075e-01,8.533683344271814075e-01,8.533683344271814075e-01,7.673730274214357605e-02,7.673730274214357605e-02,7.673730274214357605e-02,7.673730274214357605e-02,7.673730274214357605e-02,7.673730274214357605e-02,7.673730274214357605e-02,7.673730274214357605e-02,7.673730274214357605e-02,6.438004996581160599e-02,7.349467132224215236e-03,7.349467132224215236e-03,7.349467132224215236e-03,7.349467132224215236e-03
3.067613505143035102e+00,3.067613505143035102e+00,1.095237338744500244e+00,1.095237338744500244e+00,1.095237338744500244e+00,1.095237338744500244e+00,1.095237338744500244e+00,1.095237338744500244e+00,1.095237338744500244e+00,1.095237338744500244e+00,1.095237338744500244e+00,1.095237338744500244e+00,1.095237338744500244e+00,1.095237338744500244e+00,1.095237338744500244e+00,1.095237338744500244e+00,1.095237338744500244e+00,7.944330062550879479e-01,6.502658750534509036e-01,4.147463947892401914e-01,2.299844784852114743e-01
1.551413049639426944e+01,1.551413049639426944e+01,2.959642806943763027e+00,2.959642806943763027e+00,2.959642806943763027e+00,2.737201029996614743e+00,2.737201029996614743e+00,2.737201029996614743e+00,2.737201029996614743e+00,2.737201029996614743e+00,2.737201029996614743e+00,2.737201029996614743e+00,2.737201029996614743e+00,2.737201029996614743e+00,2.737201029996614743e+00,2.737201029996614743e+00,2.737201029996614743e+00,2.737201029996614743e+00,2.737201029996614743e+00,2.737201029996614743e+00,2.729498408585090630e+00
2.532226537349921536e+00,2.532226537349921536e+00,2.532226537349921536e+00,2.532226537349921536e+00,2.532226537349921536e+00,2.532226537349921536e+00,2.532226537349921536e+00,2.532226537349921536e+00,9.919789494808965991e-01,6.358717647682188279e-01,5.511174631952534542e-01,2.799440287993224322e-02,3.786314616780309160e-04,3.786314616780309160e-04,3.786314616780309160e-04,3.786314616780309160e-04,3.786314616780309160e-04,3.786314616780309160e-04,3.786314616780309160e-04,3.786314616780309160e-04,3.786314616780309160e-04
2.499512007542088909e+00,2.499512007542088909e+00,1.545980891223495801e+00,1.545980891223495801e+00,1.775202125781586704e-01,1.775202125781586704e-01,1.775202125781586704e-01,1.775202125781586704e-01,1.775202125781586704e-01,1.775202125781586704e-01,1.775202125781586704e-01,1.775202125781586704e-01,1.775202125781586704e-01,1.775202125781586704e-01,1.775202125781586704e-01,1.775202125781586704e-01,1.775202125781586704e-01,1.775202125781586704e-01,1.775202125781586704e-01,1.775202125781586704e-01,1.775202125781586704e-01
5.865096455221217031e-01,5.865096455221217031e-01,5.865096455221217031e-01,1.207125815827038290e-01,1.207125815827038290e-01,1.207125815827038290e-01,1.207125815827038290e-01,1.207125815827038290e-01,1.207125815827038290e-01,1.207125815827038290e-01,1.207125815827038290e-01,1.207125815827038290e-01,1.207125815827038290e-01,1.207125815827038290e-01,1.207125815827038290e-01,1.207125815827038290e-01,1.207125815827038290e-01,1.207125815827038290e-01,1.207125815827038290e-01,1.207125815827038290e-01,1.207125815827038290e-01
1.028825199428522907e+01,1.028825199428522907e+01,2.504107894758215824e+00,2.504107894758215824e+00,1.512469042391523688e+00,1.512469042391523688e+00,1.103641952736671650e+00,1.103641952736671650e+00,1.103641952736671650e+00,1.103641952736671650e+00,1.103641952736671650e+00,1.103641952736671650e+00,3.806568091553537148e-01,3.806568091553537148e-01,3.806568091553537148e-01,3.806568091553537148e-01,3.806568091553537148e-01,3.806568091553537148e-01,3.806568091553537148e-01,3.806568091553537148e-01,3.806568091553537148e-01
1.511124584903027213e+01,1.427061984209279721e+01,1.002452905852285703e+01,3.980699366892870739e+00,9.881681686942080933e-01,1.931384669109273422e-01,1.516706259835680914e-01,1.516706259835680914e-01,1.516706259835680914e-01,1.365139665366549987e-02,1.365139665366549987e-02,1.365139665366549987e-02,1.365139665366549987e-02,1.365139665366549987e-02,1.901307120005078007e-03,1.901307120005078007e-03,1.901307120005078007e-03,1.901307120005078007e-03,1.901307120005078007e-03,1.901307120005078007e-03,1.901307120005078007e-03
2.380412606450262647e+00,7.898713640670560476e-01,7.898713640670560476e-01,7.898713640670560476e-01,7.898713640670560476e-01,7.898713640670560476e-01,7.898713640670560476e-01,7.898713640670560476e-01,7.898713640670560476e-01,7.898713640670560476e-01,6.306367186945383008e-01,2.315554755255279651e-01,2.315554755255279651e-01,2.315554755255279651e-01,2.953846130854190580e-02,9.379886436380815637e-03,9.379886436380815637e-03,6.797890766117128079e-03,6.797890766117128079e-03,3.778690515745550347e-03,2.441035574957797338e-03
2.708285230052538495e+01,9.459437599447255707e+00,2.762518507513106236e+00,2.762518507513106236e+00,2.078122793735452056e+00,2.078122793735452056e+00,2.078122793735452056e+00,2.078122793735452056e+00,2.078122793735452056e+00,2.078122793735452056e+00,2.078122793735452056e+00,2.078122793735452056e+00,2.078122793735452056e+00,2.078122793735452056e+00,2.078122793735452056e+00,1.570455642204502622e+00,8.188725588028673563e-01,3.381108917272971359e-01,3.381108917272971359e-01,2.598458719511465564e-01,2.033800753961021585e-02
1.251566680872103809e+01,1.251566680872103809e+01,1.251566680872103809e+01,4.770721672114060397e+00,1.678575147333937867e+00,1.678575147333937867e+00,1.678575147333937867e+00,8.194099851518115152e-01,8.194099851518115152e-01,7.101458102561979402e-01,7.101458102561979402e-01,7.101458102561979402e-01,7.101458102561979402e-01,3.361980759594821455e-01,3.361980759594821455e-01,3.361980759594821455e-01,3.361980759594821455e-01,2.646846298128854302e-01,2.646846298128854302e-01,2.646846298128854302e-01,2.646846298128854302e-01
6.561466345229590047e+00,6.561466345229590047e+00,3.719676634142651039e+00,3.719676634142651039e+00,2.866031882625505123e+00,2.866031882625505123e+00,2.866031882625505123e+00,1.001480371270291325e+00,1.001480371270291325e+00,6.240218704305726671e-01,6.240218704305726671e-01,6.240218704305726671e-01,6.240218704305726671e-01,6.240218704305726671e-01,6.240218704305726671e-01,1.943171098183444356e-01,1.943171098183444356e-01,7.851831247665462532e-02,7.851831247665462532e-02,7.851831247665462532e-02,7.851831247665462532e-02
6.877875001534549781e+00,4.143872155327600559e+00,1.439048867494862272e+00,1.439048867494862272e+00,8.037313111709798452e-01,8.037313111709798452e-01,9.919930819132395661e-02,9.919930819132395661e-02,9.919930819132395661e-02,9.919930819132395661e-02,9.919930819132395661e-02,9.919930819132395661e-02,9.919930819132395661e-02,9.919930819132395661e-02,9.919930819132395661e-02,9.919930819132395661e-02,9.919930819132395661e-02,9.919930819132395661e-02,9.919930819132395661e-02,9.919930819132395661e-02,7.559919298053696538e-04
5.986996864018441222e-01,5.986996864018441222e-01,5.986996864018441222e-01,5.986996864018441222e-01,5.986996864018441222e-01,5.986996864018441222e-01,4.779150021124702330e-01,4.779150021124702330e-01,4.779150021124702330e-01,4.779150021124702330e-01,4.779150021124702330e-01,4.779150021124702330e-01,4.779150021124702330e-01,4.779150021124702330e-01,4.779150021124702330e-01,4.779150021124702330e-01,4.779150021124702330e-01,4.779150021124702330e-01,4.779150021124702330e-01,4.779150021124702330e-01,4.779150021124702330e-01
1.709089993163834009e+01,9.226224227789513677e+00,4.891575654293657038e+00,1.076735554514969717e+00,1.076735554514969717e+00,4.697779644280574152e-01,4.697779644280574152e-01,4.697779644280574152e-01,4.697779644280574152e-01,4.697779644280574152e-01,4.697779644280574152e-01,4.697779644280574152e-01,4.697779644280574152e-01,4.697779644280574152e-01,4.697779644280574152e-01,4.697779644280574152e-01,4.697779644280574152e-01,4.697779644280574152e-01,4.697779644280574152e-01,4.697779644280574152e-01,4.697779644280574152e-01
1.270306684876325498e+01,1.270306684876325498e+01,4.949655072203560380e+00,1.548222013930390384e+00,1.304579953014282090e+00,2.837164870431000963e-01,2.837164870431000963e-01,2.837164870431000963e-01,2.837164870431000963e-01,2.837164870431000963e-01,2.837164870431000963e-01,2.837164870431000963e-01,2.837164870431000963e-01,2.837164870431000963e-01,2.837164870431000963e-01,2.837164870431000963e-01,2.837164870431000963e-01,2.837164870431000963e-01,2.837164870431000963e-01,2.837164870431000963e-01,2.837164870431000963e-01
1.344761826701116325e+00,1.344761826701116325e+00,6.793913971782209460e-01,6.793913971782209460e-01,6.793913971782209460e-01,6.793913971782209460e-01,6.793913971782209460e-01,6.793913971782209460e-01,6.793913971782209460e-01,6.793913971782209460e-01,6.793913971782209460e-01,6.793913971782209460e-01,6.793913971782209460e-01,6.793913971782209460e-01,6.793913971782209460e-01,6.793913971782209460e-01,6.793913971782209460e-01,5.775692361456985502e-01,5.775692361456985502e-01,5.775692361456985502e-01,5.775692361456985502e-01
