1.513676229946355534e+01,1.513676229946355534e+01,1.513676229946355534e+01,1.513676229946355534e+01,1.513676229946355534e+01,1.513676229946355534e+01,3.404025471517201140e+00,3.404025471517201140e+00,3.404025471517201140e+00,3.404025471517201140e+00,3.404025471517201140e+00,3.404025471517201140e+00,3.404025471517201140e+00,3.404025471517201140e+00,3.404025471517201140e+00,3.404025471517201140e+00,3.404025471517201140e+00,3.404025471517201140e+00,3.404025471517201140e+00,3.404025471517201140e+00,3.404025471517201140e+00
1.948512006289871579e+01,1.948512006289871579e+01,1.036680632726128692e+01,1.036680632726128692e+01,1.036680632726128692e+01,1.036680632726128692e+01,1.036680632726128692e+01,6.998324109075582555e+00,6.998324109075582555e+00,6.998324109075582555e+00,6.998324109075582555e+00,6.998324109075582555e+00,7.562740833630243742e-01,7.562740833630243742e-01,3.848309073435984828e-02,3.848309073435984828e-02,3.848309073435984828e-02,3.848309073435984828e-02,3.848309073435984828e-02,3.848309073435984828e-02,3.848309073435984828e-02
6.802468539619837884e+00,6.802468539619837884e+00,6.802468539619837884e+00,2.036417310554895721e+00,2.036417310554895721e+00,2.036417310554895721e+00,2.036417310554895721e+00,2.036417310554895721e+00,2.036417310554895721e+00,2.036417310554895721e+00,2.036417310554895721e+00,2.036417310554895721e+00,2.036417310554895721e+00,8.411981033591189316e-01,8.411981033591189316e-01,8.411981033591189316e-01,8.411981033591189316e-01,8.411981033591189316e-01,8.411981033591189316e-01,8.411981033591189316e-01,8.411981033591189316e-01
1.434859887684805813e+01,1.434859887684805813e+01,1.434859887684805813e+01,1.434859887684805813e+01,1.434859887684805813e+01,1.434859887684805813e+01,1.434859887684805813e+01,1.434859887684805813e+01,1.420858362937488550e+01,3.667750128508288299e+00,3.667750128508288299e+00,3.667750128508288299e+00,3.667750128508288299e+00,3.667750128508288299e+00,3.667750128508288299e+00,3.667750128508288299e+00,3.667750128508288299e+00,3.667750128508288299e+00,3.667750128508288299e+00,3.667750128508288299e+00,3.667750128508288299e+00
3.067613505143043540e+00,3.067613505143043540e+00,3.067613505143043540e+00,3.067613505143043540e+00,3.067613505143043540e+00,3.067613505143043540e+00,3.067613505143043540e+00,3.067613505143043540e+00,3.067613505143043540e+00,3.067613505143043540e+00,3.067613505143043540e+00,3.067613505143043540e+00,3.067613505143043540e+00,3.067613505143043540e+00,3.067613505143043540e+00,3.067613505143043540e+00,3.067613505143043540e+00,3.067613505143043540e+00,3.067613505143043540e+00,3.067613505143043540e+00,3.067613505143043540e+00
1.551413049639427300e+01,1.551413049639427300e+01,1.551413049639427300e+01,1.040618401292431372e+01,1.040618401292431372e+01,1.040618401292431372e+01,1.040618401292431372e+01,1.040618401292431372e+01,2.140778810054285941e+00,2.140778810054285941e+00,2.140778810054285941e+00,2.140778810054285941e+00,2.140778810054285941e+00,2.140778810054285941e+00,2.140778810054285941e+00,2.140778810054285941e+00,2.140778810054285941e+00,2.140778810054285941e+00,2.140778810054285941e+00,2.140778810054285941e+00,2.140778810054285941e+00
2.532226537349913542e+00,2.532226537349913542e+00,2.532226537349913542e+00,2.532226537349913542e+00,2.532226537349913542e+00,2.532226537349913542e+00,2.532226537349913542e+00,2.532226537349913542e+00,2.532226537349913542e+00,2.532226537349913542e+00,2.532226537349913542e+00,2.532226537349913542e+00,2.532226537349913542e+00,2.532226537349913542e+00,2.532226537349913542e+00,2.532226537349913542e+00,2.532226537349913542e+00,2.532226537349913542e+00,2.532226537349913542e+00,2.532226537349913542e+00,2.532226537349913542e+00
2.499512007542080028e+00,2.499512007542080028e+00,2.499512007542080028e+00,2.499512007542080028e+00,8.844772108565734925e-01,8.844772108565734925e-01,8.844772108565734925e-01,8.844772108565734925e-01,8.844772108565734925e-01,8.844772108565734925e-01,8.844772108565734925e-01,8.844772108565734925e-01,8.844772108565734925e-01,8.844772108565734925e-01,8.844772108565734925e-01,8.844772108565734925e-01,8.844772108565734925e-01,8.844772108565734925e-01,8.844772108565734925e-01,8.844772108565734925e-01,8.844772108565734925e-01
5.865096455221134875e-01,5.865096455221134875e-01,5.865096455221134875e-01,5.865096455221134875e-01,6.447361221239589213e-02,6.447361221239589213e-02,6.447361221239589213e-02,6.447361221239589213e-02,6.447361221239589213e-02,6.447361221239589213e-02,6.447361221239589213e-02,6.447361221239589213e-02,6.447361221239589213e-02,6.447361221239589213e-02,6.447361221239589213e-02,6.447361221239589213e-02,6.447361221239589213e-02,6.447361221239589213e-02,6.447361221239589213e-02,6.447361221239589213e-02,6.447361221239589213e-02
1.028825199428521842e+01,1.028825199428521842e+01,1.028825199428521842e+01,7.613344530078080652e+00,7.613344530078080652e+00,7.613344530078080652e+00,7.613344530078080652e+00,1.024771170477180249e+00,1.024771170477180249e+00,1.024771170477180249e+00,1.024771170477180249e+00,1.024771170477180249e+00,1.024771170477180249e+00,1.024771170477180249e+00,1.024771170477180249e+00,1.024771170477180249e+00,1.024771170477180249e+00,1.024771170477180249e+00,7.442300101013756830e-01,7.442300101013756830e-01,7.442300101013756830e-01
1.511124584903026857e+01,1.511124584903026857e+01,1.018662027791543778e+01,1.018662027791543778e+01,1.018662027791543778e+01,1.018662027791543778e+01,1.018662027791543778e+01,1.018662027791543778e+01,1.018662027791543778e+01,1.018662027791543778e+01,1.018662027791543778e+01,1.018662027791543778e+01,1.018662027791543778e+01,1.018662027791543778e+01,1.018662027791543778e+01,1.018662027791543778e+01,1.018662027791543778e+01,1.018662027791543778e+01,1.018662027791543778e+01,1.018662027791543778e+01,1.018662027791543778e+01
2.380412606450249768e+00,2.380412606450249768e+00,2.380412606450249768e+00,1.750062847653026665e+00,1.750062847653026665e+00,1.750062847653026665e+00,1.750062847653026665e+00,1.750062847653026665e+00,1.750062847653026665e+00,1.750062847653026665e+00,1.750062847653026665e+00,1.750062847653026665e+00,1.750062847653026665e+00,1.750062847653026665e+00,1.750062847653026665e+00,1.750062847653026665e+00,1.750062847653026665e+00,1.750062847653026665e+00,1.750062847653026665e+00,1.750062847653026665e+00,1.750062847653026665e+00
2.708285230052538850e+01,2.708285230052538850e+01,2.010669853013092734e+01,1.155533119636507422e+01,8.659073224287681114e+00,8.659073224287681114e+00,8.659073224287681114e+00,8.659073224287681114e+00,8.659073224287681114e+00,8.659073224287681114e+00,1.734330763153224098e+00,1.734330763153224098e+00,1.734330763153224098e+00,1.734330763153224098e+00,1.734330763153224098e+00,1.734330763153224098e+00,1.734330763153224098e+00,1.734330763153224098e+00,1.734330763153224098e+00,1.734330763153224098e+00,1.734330763153224098e+00
1.251566680872105053e+01,1.251566680872105053e+01,4.788682811792881466e+00,4.788682811792881466e+00,4.788682811792881466e+00,4.788682811792881466e+00,4.788682811792881466e+00,4.788682811792881466e+00,4.578475254016922236e+00,4.578475254016922236e+00,4.578475254016922236e+00,4.578475254016922236e+00,2.413714162092560400e+00,2.413714162092560400e+00,2.413714162092560400e+00,2.413714162092560400e+00,2.413714162092560400e+00,2.413714162092560400e+00,2.413714162092560400e+00,2.413714162092560400e+00,2.413714162092560400e+00
6.561466345229575836e+00,6.561466345229575836e+00,6.561466345229575836e+00,3.891895899088353872e+00,3.891895899088353872e+00,3.891895899088353872e+00,3.891895899088353872e+00,3.891895899088353872e+00,3.891895899088353872e+00,3.891895899088353872e+00,3.891895899088353872e+00,3.891895899088353872e+00,2.717037919872751672e+00,1.755169766635162887e+00,1.755169766635162887e+00,1.755169766635162887e+00,1.755169766635162887e+00,1.755169766635162887e+00,1.755169766635162887e+00,1.755169766635162887e+00,1.755169766635162887e+00
6.877875001534562216e+00,4.649291724181694008e+00,4.649291724181694008e+00,4.649291724181694008e+00,3.312598375850598131e+00,3.312598375850598131e+00,3.312598375850598131e+00,3.312598375850598131e+00,3.312598375850598131e+00,3.312598375850598131e+00,3.312598375850598131e+00,3.312598375850598131e+00,3.312598375850598131e+00,1.752550272648079499e+00,1.004639183384028911e+00,1.004639183384028911e+00,1.004639183384028911e+00,3.439781981289229407e-01,3.439781981289229407e-01,3.439781981289229407e-01,3.439781981289229407e-01
5.986996864018578890e-01,5.986996864018578890e-01,5.986996864018578890e-01,5.986996864018578890e-01,5.986996864018578890e-01,5.986996864018578890e-01,5.986996864018578890e-01,5.986996864018578890e-01,5.986996864018578890e-01,5.986996864018578890e-01,5.986996864018578890e-01,5.986996864018578890e-01,5.986996864018578890e-01,5.986996864018578890e-01,5.986996864018578890e-01,5.986996864018578890e-01,5.986996864018578890e-01,5.986996864018578890e-01,5.986996864018578890e-01,5.986996864018578890e-01,5.986996864018578890e-01
1.709089993163834720e+01,1.709089993163834720e+01,1.709089993163834720e+01,1.709089993163834720e+01,1.475474790696773653e+01,1.475474790696773653e+01,1.475474790696773653e+01,1.475474790696773653e+01,1.475474790696773653e+01,1.475474790696773653e+01,1.475474790696773653e+01,1.305107735500558874e+01,1.305107735500558874e+01,1.305107735500558874e+01,1.305107735500558874e+01,1.305107735500558874e+01,1.305107735500558874e+01,1.305107735500558874e+01,6.592280930183193277e+00,3.199235966101525719e-01,3.199235966101525719e-01
1.270306684876325676e+01,1.270306684876325676e+01,1.270306684876325676e+01,1.270306684876325676e+01,1.270306684876325676e+01,1.111417762680346755e+01,1.111417762680346755e+01,1.111417762680346755e+01,1.111417762680346755e+01,1.111417762680346755e+01,1.034557688825171340e+01,1.034557688825171340e+01,1.034557688825171340e+01,1.034557688825171340e+01,1.034557688825171340e+01,1.034557688825171340e+01,1.034557688825171340e+01,1.034557688825171340e+01,5.931207758646365846e+00,5.931207758646365846e+00,5.931207758646365846e+00
1.344761826701102336e+00,1.344761826701102336e+00,1.892207899350921707e-01,1.892207899350921707e-01,1.892207899350921707e-01,1.892207899350921707e-01,1.892207899350921707e-01,1.892207899350921707e-01,1.892207899350921707e-01,1.892207899350921707e-01,1.892207899350921707e-01,1.892207899350921707e-01,1.892207899350921707e-01,1.892207899350921707e-01,1.892207899350921707e-01,1.892207899350921707e-01,1.892207899350921707e-01,1.892207899350921707e-01,4.417277333331526279e-02,4.417277333331526279e-02,4.417277333331526279e-02
