1.513676229946356067e+01,1.513676229946356067e+01,1.513676229946356067e+01,1.513676229946356067e+01,1.513676229946356067e+01,4.094143904615041407e+00,4.094143904615041407e+00,4.094143904615041407e+00,4.094143904615041407e+00,4.094143904615041407e+00,4.094143904615041407e+00,4.094143904615041407e+00,3.530397675254406842e+00,3.530397675254406842e+00,3.530397675254406842e+00,3.530397675254406842e+00,3.530397675254406842e+00,3.530397675254406842e+00,3.530397675254406842e+00,3.530397675254406842e+00,3.530397675254406842e+00
1.948512006289873000e+01,1.948512006289873000e+01,1.948512006289873000e+01,1.912991872441397589e+01,1.912991872441397589e+01,1.912991872441397589e+01,8.505981352460452172e+00,5.622845014359270976e+00,5.622845014359270976e+00,2.805815865763754857e+00,2.805815865763754857e+00,2.251091841026195084e+00,2.251091841026195084e+00,2.251091841026195084e+00,2.251091841026195084e+00,2.251091841026195084e+00,2.251091841026195084e+00,2.251091841026195084e+00,2.251091841026195084e+00,2.251091841026195084e+00,2.251091841026195084e+00
6.802468539619835219e+00,6.802468539619835219e+00,6.802468539619835219e+00,5.632431392212712495e+00,5.632431392212712495e+00,5.632431392212712495e+00,4.878304130355992640e+00,4.878304130355992640e+00,6.495288511703972700e-01,6.495288511703972700e-01,6.495288511703972700e-01,2.696270750205871369e-01,2.696270750205871369e-01,2.696270750205871369e-01,2.696270750205871369e-01,2.696270750205871369e-01,2.696270750205871369e-01,2.696270750205871369e-01,2.696270750205871369e-01,2.696270750205871369e-01,2.696270750205871369e-01
1.434859887684804924e+01,1.401351591462748303e+01,1.401351591462748303e+01,1.401351591462748303e+01,1.401351591462748303e+01,1.357729311866198074e+01,1.357729311866198074e+01,1.357729311866198074e+01,1.357729311866198074e+01,9.574225039951713701e-01,9.574225039951713701e-01,9.574225039951713701e-01,9.574225039951713701e-01,9.574225039951713701e-01,6.217736223208986113e-01,5.942763215085560269e-01,5.942763215085560269e-01,5.942763215085560269e-01,2.499245482670682250e-01,2.499245482670682250e-01,2.499245482670682250e-01
3.067613505143035102e+00,3.067613505143035102e+00,1.381951010254693912e+00,1.381951010254693912e+00,1.381951010254693912e+00,1.381951010254693912e+00,1.381951010254693912e+00,1.381951010254693912e+00,1.175847692134601719e+00,1.104683773033646066e+00,1.104683773033646066e+00,1.104683773033646066e+00,1.104683773033646066e+00,1.104683773033646066e+00,1.104683773033646066e+00,1.104683773033646066e+00,1.104683773033646066e+00,1.104683773033646066e+00,1.104683773033646066e+00,1.104683773033646066e+00,1.104683773033646066e+00
1.551413049639426944e+01,1.551413049639426944e+01,1.551413049639426944e+01,1.027766497536766366e+01,1.027766497536766366e+01,1.027766497536766366e+01,8.082126218151245212e+00,8.082126218151245212e+00,8.082126218151245212e+00,8.082126218151245212e+00,8.082126218151245212e+00,8.082126218151245212e+00,8.082126218151245212e+00,8.082126218151245212e+00,8.082126218151245212e+00,8.082126218151245212e+00,8.082126218151245212e+00,8.082126218151245212e+00,8.082126218151245212e+00,8.082126218151245212e+00,8.082126218151245212e+00
2.532226537349921536e+00,2.532226537349921536e+00,2.532226537349921536e+00,2.532226537349921536e+00,2.532226537349921536e+00,2.532226537349921536e+00,2.532226537349921536e+00,2.532226537349921536e+00,2.532226537349921536e+00,2.532226537349921536e+00,2.532226537349921536e+00,2.532226537349921536e+00,2.532226537349921536e+00,2.532226537349921536e+00,2.532226537349921536e+00,2.532226537349921536e+00,2.532226537349921536e+00,2.532226537349921536e+00,2.532226537349921536e+00,2.532226537349921536e+00,2.532226537349921536e+00
2.499512007542088909e+00,2.499512007542088909e+00,2.499512007542088909e+00,2.499512007542088909e+00,2.499512007542088909e+00,1.048542926198649194e+00,1.048542926198649194e+00,1.048542926198649194e+00,1.048542926198649194e+00,1.048542926198649194e+00,1.048542926198649194e+00,1.048542926198649194e+00,1.048542926198649194e+00,1.048542926198649194e+00,1.048542926198649194e+00,1.048542926198649194e+00,1.048542926198649194e+00,1.048542926198649194e+00,1.048542926198649194e+00,1.048542926198649194e+00,1.048542926198649194e+00
5.865096455221217031e-01,5.865096455221217031e-01,5.865096455221217031e-01,4.791805297084337223e-01,4.733386958041180259e-01,4.733386958041180259e-01,4.733386958041180259e-01,4.733386958041180259e-01,1.120128327018410780e-01,1.120128327018410780e-01,1.120128327018410780e-01,1.120128327018410780e-01,1.120128327018410780e-01,1.120128327018410780e-01,1.120128327018410780e-01,1.120128327018410780e-01,1.120128327018410780e-01,1.120128327018410780e-01,1.120128327018410780e-01,1.120128327018410780e-01,1.120128327018410780e-01
1.028825199428522907e+01,1.028825199428522907e+01,1.028825199428522907e+01,9.064789752283360258e+00,9.064789752283360258e+00,9.064789752283360258e+00,9.064789752283360258e+00,4.451162029088238548e+00,4.451162029088238548e+00,4.451162029088238548e+00,4.451162029088238548e+00,4.451162029088238548e+00,4.451162029088238548e+00,4.451162029088238548e+00,4.451162029088238548e+00,4.451162029088238548e+00,4.451162029088238548e+00,4.451162029088238548e+00,3.949617657555729022e-01,1.156320771609144205e-01,7.366601554664908846e-02
1.511124584903027213e+01,1.511124584903027213e+01,1.307271737353418217e+01,1.307271737353418217e+01,1.307271737353418217e+01,1.307271737353418217e+01,1.307271737353418217e+01,1.307271737353418217e+01,1.201992190489484003e+01,1.201992190489484003e+01,1.201992190489484003e+01,1.201992190489484003e+01,1.201992190489484003e+01,1.201992190489484003e+01,1.201992190489484003e+01,1.201992190489484003e+01,1.201992190489484003e+01,1.201992190489484003e+01,5.469494673094880355e+00,5.469494673094880355e+00,5.469494673094880355e+00
2.380412606450262647e+00,2.380412606450262647e+00,2.380412606450262647e+00,2.380412606450262647e+00,2.380412606450262647e+00,2.380412606450262647e+00,2.380412606450262647e+00,2.380412606450262647e+00,2.380412606450262647e+00,2.380412606450262647e+00,2.380412606450262647e+00,2.380412606450262647e+00,1.979718234821618683e+00,1.979718234821618683e+00,1.979718234821618683e+00,1.979718234821618683e+00,1.979718234821618683e+00,1.979718234821618683e+00,1.979718234821618683e+00,1.979718234821618683e+00,1.861914279612741696e+00
2.708285230052538495e+01,2.614937837462246151e+01,2.614937837462246151e+01,2.205635207312873547e+01,2.205635207312873547e+01,2.205635207312873547e+01,5.531716924156228288e+00,5.531716924156228288e+00,5.531716924156228288e+00,8.997324538335025323e-01,8.997324538335025323e-01,8.997324538335025323e-01,8.997324538335025323e-01,8.997324538335025323e-01,8.997324538335025323e-01,8.997324538335025323e-01,8.997324538335025323e-01,8.997324538335025323e-01,8.997324538335025323e-01,8.997324538335025323e-01,8.997324538335025323e-01
1.251566680872103809e+01,1.251566680872103809e+01,1.090863120368274153e+01,1.090863120368274153e+01,1.090863120368274153e+01,1.090863120368274153e+01,1.090863120368274153e+01,1.090863120368274153e+01,1.090863120368274153e+01,1.090863120368274153e+01,1.090863120368274153e+01,1.017708641357420518e+01,1.017708641357420518e+01,7.936615484141711363e+00,7.936615484141711363e+00,7.936615484141711363e+00,7.936615484141711363e+00,7.936615484141711363e+00,6.558706924607529132e+00,6.558706924607529132e+00,6.558706924607529132e+00
6.561466345229590047e+00,6.561466345229590047e+00,6.561466345229590047e+00,6.561466345229590047e+00,6.561466345229590047e+00,6.561466345229590047e+00,6.561466345229590047e+00,6.561466345229590047e+00,6.561466345229590047e+00,6.561466345229590047e+00,6.561466345229590047e+00,6.561466345229590047e+00,6.561466345229590047e+00,6.561466345229590047e+00,6.561466345229590047e+00,6.275498355336498690e+00,6.083612930078787784e+00,6.083612930078787784e+00,6.083612930078787784e+00,6.083612930078787784e+00,6.042536033631668246e+00
6.877875001534549781e+00,5.472161911900598419e+00,5.472161911900598419e+00,5.472161911900598419e+00,5.472161911900598419e+00,5.216387055372255332e+00,5.216387055372255332e+00,5.216387055372255332e+00,5.216387055372255332e+00,5.216387055372255332e+00,5.216387055372255332e+00,5.216387055372255332e+00,5.216387055372255332e+00,5.216387055372255332e+00,5.216387055372255332e+00,5.216387055372255332e+00,5.216387055372255332e+00,5.216387055372255332e+00,5.216387055372255332e+00,5.216387055372255332e+00,5.216387055372255332e+00
5.986996864018441222e-01,5.986996864018441222e-01,5.986996864018441222e-01,5.986996864018441222e-01,5.986996864018441222e-01,5.986996864018441222e-01,5.986996864018441222e-01,5.986996864018441222e-01,5.986996864018441222e-01,5.986996864018441222e-01,5.986996864018441222e-01,2.852336618151277703e-01,2.442606620102251436e-01,2.136890749629484498e-01,2.136890749629484498e-01,1.807624831291903267e-01,1.552755446668294959e-01,1.352396664526835934e-01,1.352396664526835934e-01,1.277714028173093375e-01,1.277714028173093375e-01
1.709089993163834009e+01,1.709089993163834009e+01,1.709089993163834009e+01,1.709089993163834009e+01,1.430426290746357409e+01,1.430426290746357409e+01,1.430426290746357409e+01,1.411906141862846908e+01,1.411906141862846908e+01,1.402147833405142308e+01,1.402147833405142308e+01,1.402147833405142308e+01,1.402147833405142308e+01,1.402147833405142308e+01,1.402147833405142308e+01,1.402147833405142308e+01,1.402147833405142308e+01,1.402147833405142308e+01,1.402147833405142308e+01,1.402147833405142308e+01,1.402147833405142308e+01
1.270306684876325498e+01,1.270306684876325498e+01,1.270306684876325498e+01,1.270306684876325498e+01,1.270306684876325498e+01,1.270306684876325498e+01,1.270306684876325498e+01,1.270306684876325498e+01,1.270306684876325498e+01,1.270306684876325498e+01,1.270306684876325498e+01,1.270306684876325498e+01,1.270306684876325498e+01,1.270306684876325498e+01,1.270306684876325498e+01,1.270306684876325498e+01,1.270306684876325498e+01,1.270306684876325498e+01,1.270306684876325498e+01,1.270306684876325498e+01,1.270306684876325498e+01
1.344761826701116325e+00,1.344761826701116325e+00,1.344761826701116325e+00,1.344761826701116325e+00,1.344761826701116325e+00,1.110072628499795266e+00,1.110072628499795266e+00,1.110072628499795266e+00,1.110072628499795266e+00,1.110072628499795266e+00,8.912143777328429550e-01,8.720399790928659023e-01,8.720399790928659023e-01,8.720399790928659023e-01,8.720399790928659023e-01,8.720399790928659023e-01,8.647381044892681334e-01,8.647381044892681334e-01,8.394904114803948270e-01,8.394904114803948270e-01,8.394904114803948270e-01
