1.513676229946356067e+01,6.025801216441516672e+00,5.488204372788656471e+00,5.488204372788656471e+00,3.088241993346488190e+00,2.985773549943222971e+00,2.985773549943222971e+00,1.657914677278435667e+00,5.940862483225779478e-01,9.415411313965842133e-02,9.415411313965842133e-02,9.415411313965842133e-02,9.415411313965842133e-02,9.415411313965842133e-02,9.415411313965842133e-02,9.415411313965842133e-02,9.415411313965842133e-02,3.589153283983261000e-02,3.589153283983261000e-02,3.589153283983261000e-02,3.589153283983261000e-02
1.948512006289873000e+01,1.096326868458692871e+01,1.096326868458692871e+01,1.421342193630716899e+00,1.421342193630716899e+00,1.421342193630716899e+00,1.421342193630716899e+00,1.421342193630716899e+00,1.421342193630716899e+00,1.421342193630716899e+00,1.421342193630716899e+00,1.421342193630716899e+00,1.421342193630716899e+00,1.421342193630716899e+00,1.421342193630716899e+00,1.421342193630716899e+00,1.421342193630716899e+00,1.421342193630716899e+00,1.421342193630716899e+00,1.421342193630716899e+00,1.421342193630716899e+00
6.802468539619835219e+00,1.985499510179233429e+00,1.499539922657456614e+00,1.969130113060398868e-01,5.174039829598716181e-03,5.174039829598716181e-03,5.174039829598716181e-03,5.174039829598716181e-03,5.174039829598716181e-03,5.174039829598716181e-03,5.174039829598716181e-03,5.174039829598716181e-03,5.174039829598716181e-03,5.174039829598716181e-03,5.174039829598716181e-03,5.174039829598716181e-03,5.174039829598716181e-03,5.174039829598716181e-03,5.174039829598716181e-03,5.174039829598716181e-03,5.174039829598716181e-03
1.434859887684804924e+01,1.434859887684804924e+01,4.405603518268926599e+00,8.533916691697734924e-01,8.533916691697734924e-01,8.533916691697734924e-01,1.911196358747689061e-01,7.269151971002182910e-02,7.269151971002182910e-02,7.269151971002182910e-02,7.269151971002182910e-02,7.269151971002182910e-02,7.269151971002182910e-02,7.269151971002182910e-02,7.269151971002182910e-02,7.269151971002182910e-02,4.350710178778895848e-02,4.350710178778895848e-02,4.350710178778895848e-02,4.350710178778895848e-02,4.350710178778895848e-02
3.067613505143035102e+00,3.067613505143035102e+00,1.095237210785943605e+00,1.095237210785943605e+00,1.095237210785943605e+00,1.095237210785943605e+00,1.095237210785943605e+00,1.095237210785943605e+00,1.095237210785943605e+00,1.095237210785943605e+00,1.095237210785943605e+00,1.095237210785943605e+00,1.095237210785943605e+00,1.095237210785943605e+00,1.095237210785943605e+00,1.095237210785943605e+00,1.095237210785943605e+00,1.095237210785943605e+00,1.095237210785943605e+00,1.095237210785943605e+00,1.095237210785943605e+00
1.551413049639426944e+01,1.551413049639426944e+01,2.959646610069107897e+00,2.959646610069107897e+00,2.959646610069107897e+00,2.639378041048439982e+00,2.639378041048439982e+00,2.639378041048439982e+00,2.639378041048439982e+00,2.639378041048439982e+00,2.639378041048439982e+00,2.639378041048439982e+00,2.639378041048439982e+00,1.753406704203189115e+00,1.753406704203189115e+00,1.753406704203189115e+00,1.753406704203189115e+00,1.753406704203189115e+00,1.753406704203189115e+00,1.753406704203189115e+00,1.753406704203189115e+00
2.532226537349921536e+00,2.532226537349921536e+00,2.532226537349921536e+00,2.532226537349921536e+00,2.532226537349921536e+00,2.532226537349921536e+00,2.532226537349921536e+00,2.532226537349921536e+00,9.919800970489781600e-01,6.358726854166071307e-01,5.511172304290352653e-01,2.799575621891503205e-02,6.443755629781670186e-03,6.443755629781670186e-03,6.443755629781670186e-03,6.443755629781670186e-03,6.443755629781670186e-03,6.443755629781670186e-03,6.443755629781670186e-03,6.443755629781670186e-03,6.443755629781670186e-03
2.499512007542088909e+00,2.499512007542088909e+00,1.545980944264616852e+00,1.545980944264616852e+00,1.775200970593410754e-01,1.775200970593410754e-01,1.775200970593410754e-01,1.775200970593410754e-01,1.775200970593410754e-01,1.775200970593410754e-01,1.775200970593410754e-01,1.775200970593410754e-01,1.775200970593410754e-01,1.775200970593410754e-01,1.775200970593410754e-01,1.775200970593410754e-01,1.775200970593410754e-01,1.775200970593410754e-01,1.775200970593410754e-01,1.775200970593410754e-01,1.775200970593410754e-01
5.865096455221217031e-01,5.865096455221217031e-01,5.865096455221217031e-01,1.277414959747316392e-01,1.277414959747316392e-01,1.277414959747316392e-01,1.277414959747316392e-01,1.277414959747316392e-01,1.277414959747316392e-01,1.277414959747316392e-01,1.277414959747316392e-01,1.277414959747316392e-01,1.753397410607138510e-02,1.753397410607138510e-02,1.753397410607138510e-02,1.753397410607138510e-02,1.753397410607138510e-02,1.753397410607138510e-02,1.753397410607138510e-02,1.753397410607138510e-02,1.753397410607138510e-02
1.028825199428522907e+01,1.028825199428522907e+01,2.504108065878230427e+00,2.504108065878230427e+00,1.512469266257274514e+00,1.512469266257274514e+00,1.103642051682232283e+00,1.103642051682232283e+00,1.103642051682232283e+00,1.103642051682232283e+00,1.103642051682232283e+00,1.103642051682232283e+00,3.806567918400871608e-01,3.806567918400871608e-01,3.806567918400871608e-01,3.806567918400871608e-01,3.806567918400871608e-01,3.806567918400871608e-01,3.806567918400871608e-01,3.806567918400871608e-01,3.806567918400871608e-01
1.511124584903027213e+01,1.427061984209279721e+01,1.002452905852285703e+01,3.980699366892870739e+00,9.881693894729368655e-01,1.934336241098704445e-01,3.769309433025815059e-02,3.769309433025815059e-02,3.769309433025815059e-02,3.769309433025815059e-02,3.769309433025815059e-02,3.769309433025815059e-02,3.769309433025815059e-02,3.769309433025815059e-02,3.769309433025815059e-02,3.769309433025815059e-02,3.769309433025815059e-02,3.769309433025815059e-02,3.769309433025815059e-02,3.769309433025815059e-02,3.769309433025815059e-02
2.380412606450262647e+00,7.898714725830564554e-01,7.898714725830564554e-01,7.898714725830564554e-01,7.898714725830564554e-01,7.898714725830564554e-01,7.898714725830564554e-01,7.898714725830564554e-01,7.898714725830564554e-01,7.898714725830564554e-01,6.306366721759975036e-01,2.886719964430663476e-01,2.886719964430663476e-01,2.886719964430663476e-01,2.886719964430663476e-01,8.065672401129722613e-02,8.903358717409234555e-03,8.903358717409234555e-03,8.903358717409234555e-03,8.903358717409234555e-03,8.903358717409234555e-03
2.708285230052538495e+01,9.459437599447255707e+00,2.762518023712345894e+00,2.762518023712345894e+00,2.001906274301642252e+00,2.001906274301642252e+00,2.001906274301642252e+00,2.001906274301642252e+00,1.679442837500939589e+00,1.331211698043799796e+00,3.915472815023727238e-01,3.915472815023727238e-01,3.915472815023727238e-01,7.427361588933166503e-02,3.585734118406266185e-02,3.585734118406266185e-02,3.585734118406266185e-02,3.585734118406266185e-02,3.585734118406266185e-02,3.585734118406266185e-02,3.585734118406266185e-02
1.251566680872103809e+01,1.251566680872103809e+01,1.251566680872103809e+01,4.770721802787704746e+00,1.678575547068298590e+00,1.678575547068298590e+00,1.678575547068298590e+00,7.986596315885114983e-01,7.986596315885114983e-01,6.305933672920382982e-01,6.305933672920382982e-01,6.305933672920382982e-01,6.305933672920382982e-01,6.305933672920382982e-01,6.305933672920382982e-01,6.305933672920382982e-01,6.305933672920382982e-01,3.096984193505131766e-01,3.096984193505131766e-01,3.096984193505131766e-01,3.096984193505131766e-01
6.561466345229590047e+00,6.561466345229590047e+00,3.719676371774539358e+00,3.719676371774539358e+00,2.866031063625487096e+00,2.866031063625487096e+00,2.866031063625487096e+00,1.001478930545276480e+00,7.170238598181825074e-01,7.170238598181825074e-01,5.979736200151560821e-01,5.979736200151560821e-01,5.979736200151560821e-01,5.979736200151560821e-01,5.979736200151560821e-01,5.979736200151560821e-01,1.859457273509800279e-01,1.859457273509800279e-01,1.859457273509800279e-01,1.859457273509800279e-01,7.626860358140911955e-02
6.877875001534549781e+00,4.143871826760526567e+00,1.439048757595153827e+00,1.439048757595153827e+00,8.037303994867346368e-01,8.037303994867346368e-01,1.851616961316429888e-01,1.851616961316429888e-01,1.851616961316429888e-01,1.258395296264914198e-01,1.258395296264914198e-01,1.258395296264914198e-01,1.258395296264914198e-01,1.258395296264914198e-01,1.258395296264914198e-01,1.258395296264914198e-01,1.258395296264914198e-01,1.258395296264914198e-01,1.258395296264914198e-01,1.258395296264914198e-01,1.258395296264914198e-01
5.986996864018441222e-01,5.986996864018441222e-01,5.986996864018441222e-01,5.986996864018441222e-01,5.986996864018441222e-01,5.986996864018441222e-01,4.779050498014633663e-01,4.779050498014633663e-01,4.779050498014633663e-01,4.779050498014633663e-01,4.779050498014633663e-01,4.779050498014633663e-01,4.779050498014633663e-01,4.779050498014633663e-01,4.779050498014633663e-01,4.779050498014633663e-01,4.779050498014633663e-01,4.779050498014633663e-01,4.779050498014633663e-01,4.779050498014633663e-01,4.779050498014633663e-01
1.709089993163834009e+01,9.226224083834491552e+00,4.891572599619330219e+00,1.076736599208384160e+00,6.923886044948490692e-01,2.397728819509701570e-01,2.397728819509701570e-01,2.397728819509701570e-01,2.397728819509701570e-01,6.950957848358273183e-02,6.950957848358273183e-02,6.950957848358273183e-02,6.950957848358273183e-02,6.950957848358273183e-02,6.950957848358273183e-02,6.950957848358273183e-02,6.950957848358273183e-02,6.950957848358273183e-02,6.950957848358273183e-02,6.950957848358273183e-02,6.950957848358273183e-02
1.270306684876325498e+01,1.270306684876325498e+01,4.949655072203560380e+00,1.548221580982082735e+00,2.772868166248592114e-01,2.772868166248592114e-01,2.772868166248592114e-01,2.772868166248592114e-01,2.772868166248592114e-01,2.772868166248592114e-01,2.772868166248592114e-01,2.772868166248592114e-01,2.772868166248592114e-01,2.772868166248592114e-01,2.772868166248592114e-01,2.772868166248592114e-01,2.772868166248592114e-01,2.772868166248592114e-01,2.772868166248592114e-01,1.678746849499064553e-01,1.678746849499064553e-01
1.344761826701116325e+00,1.344761826701116325e+00,5.927156338146026826e-01,5.927156338146026826e-01,5.927156338146026826e-01,5.927156338146026826e-01,5.927156338146026826e-01,5.927156338146026826e-01,5.927156338146026826e-01,5.927156338146026826e-01,5.927156338146026826e-01,5.927156338146026826e-01,5.927156338146026826e-01,5.927156338146026826e-01,5.927156338146026826e-01,5.927156338146026826e-01,5.927156338146026826e-01,5.927156338146026826e-01,2.580905945280275726e-01,2.580905945280275726e-01,2.580905945280275726e-01
