1.513676229946395324e+01,3.219733125355560333e+00,3.219733125355560333e+00,1.396833524891917477e+00,1.396833524891917477e+00,1.396833524891917477e+00,1.396833524891917477e+00,1.396833524891917477e+00,1.396833524891917477e+00,1.396833524891917477e+00,1.396833524891917477e+00,1.396833524891917477e+00,1.396833524891917477e+00,1.396833524891917477e+00,1.396833524891917477e+00,1.396833524891917477e+00,1.396833524891917477e+00,1.396833524891917477e+00,1.396833524891917477e+00,1.396833524891917477e+00,1.396833524891917477e+00
1.948512006289820420e+01,1.160228363825081033e+01,1.160228363825081033e+01,3.662387144191598054e+00,3.662387144191598054e+00,3.662387144191598054e+00,3.662387144191598054e+00,3.662387144191598054e+00,3.662387144191598054e+00,3.662387144191598054e+00,3.662387144191598054e+00,3.662387144191598054e+00,3.662387144191598054e+00,3.662387144191598054e+00,3.662387144191598054e+00,3.662387144191598054e+00,3.662387144191598054e+00,3.662387144191598054e+00,3.662387144191598054e+00,3.662387144191598054e+00,3.662387144191598054e+00
6.802468539619439980e+00,6.802468539619439980e+00,4.204235043693188345e+00,4.204235043693188345e+00,4.204235043693188345e+00,4.204235043693188345e+00,4.204235043693188345e+00,4.204235043693188345e+00,4.204235043693188345e+00,4.204235043693188345e+00,1.264493484859485761e+00,1.264493484859485761e+00,1.264493484859485761e+00,1.264493484859485761e+00,1.264493484859485761e+00,1.264493484859485761e+00,1.264493484859485761e+00,1.264493484859485761e+00,1.264493484859485761e+00,1.264493484859485761e+00,1.264493484859485761e+00
1.434859887684797286e+01,1.434859887684797286e+01,1.434859887684797286e+01,1.434859887684797286e+01,1.158434813856729306e+00,1.158434813856729306e+00,1.158434813856729306e+00,1.158434813856729306e+00,1.158434813856729306e+00,1.158434813856729306e+00,1.158434813856729306e+00,1.158434813856729306e+00,1.158434813856729306e+00,1.158434813856729306e+00,1.158434813856729306e+00,1.158434813856729306e+00,1.158434813856729306e+00,1.158434813856729306e+00,1.158434813856729306e+00,1.158434813856729306e+00,1.158434813856729306e+00
3.067613505143526709e+00,3.067613505143526709e+00,3.067613505143526709e+00,3.067613505143526709e+00,3.067613505143526709e+00,3.067613505143526709e+00,3.067613505143526709e+00,3.067613505143526709e+00,3.067613505143526709e+00,3.067613505143526709e+00,3.067613505143526709e+00,3.067613505143526709e+00,3.067613505143526709e+00,3.067613505143526709e+00,3.067613505143526709e+00,3.067613505143526709e+00,3.067613505143526709e+00,3.067613505143526709e+00,3.067613505143526709e+00,3.067613505143526709e+00,3.067613505143526709e+00
1.551413049639450037e+01,1.551413049639450037e+01,1.551413049639450037e+01,1.434563057862214919e+01,1.434563057862214919e+01,1.434563057862214919e+01,1.434563057862214919e+01,1.434563057862214919e+01,1.434563057862214919e+01,1.044660849573119776e+00,1.044660849573119776e+00,1.044660849573119776e+00,1.044660849573119776e+00,1.044660849573119776e+00,1.044660849573119776e+00,1.044660849573119776e+00,1.044660849573119776e+00,1.044660849573119776e+00,1.044660849573119776e+00,1.044660849573119776e+00,1.044660849573119776e+00
2.532226537350652507e+00,2.532226537350652507e+00,2.532226537350652507e+00,2.532226537350652507e+00,2.532226537350652507e+00,2.532226537350652507e+00,2.532226537350652507e+00,2.532226537350652507e+00,2.532226537350652507e+00,2.532226537350652507e+00,2.532226537350652507e+00,2.532226537350652507e+00,2.532226537350652507e+00,2.532226537350652507e+00,2.532226537350652507e+00,2.532226537350652507e+00,2.532226537350652507e+00,2.532226537350652507e+00,2.532226537350652507e+00,2.532226537350652507e+00,2.532226537350652507e+00
2.499512007541852654e+00,2.499512007541852654e+00,2.499512007541852654e+00,2.499512007541852654e+00,1.914941212124176673e+00,1.914941212124176673e+00,1.914941212124176673e+00,1.914941212124176673e+00,1.914941212124176673e+00,1.914941212124176673e+00,1.914941212124176673e+00,1.914941212124176673e+00,1.914941212124176673e+00,1.582899412442202447e-01,1.582899412442202447e-01,1.582899412442202447e-01,1.582899412442202447e-01,1.582899412442202447e-01,1.582899412442202447e-01,1.582899412442202447e-01,1.582899412442202447e-01
5.865096455218008487e-01,5.865096455218008487e-01,5.865096455218008487e-01,5.865096455218008487e-01,5.865096455218008487e-01,5.865096455218008487e-01,5.865096455218008487e-01,5.865096455218008487e-01,5.865096455218008487e-01,5.865096455218008487e-01,5.865096455218008487e-01,5.865096455218008487e-01,5.865096455218008487e-01,5.865096455218008487e-01,5.865096455218008487e-01,5.865096455218008487e-01,5.865096455218008487e-01,5.865096455218008487e-01,5.865096455218008487e-01,5.865096455218008487e-01,5.865096455218008487e-01
1.028825199428501946e+01,1.028825199428501946e+01,7.819370503870231914e+00,7.819370503870231914e+00,7.819370503870231914e+00,7.819370503870231914e+00,7.819370503870231914e+00,7.819370503870231914e+00,7.819370503870231914e+00,7.819370503870231914e+00,7.819370503870231914e+00,7.819370503870231914e+00,7.819370503870231914e+00,7.819370503870231914e+00,7.819370503870231914e+00,7.819370503870231914e+00,7.819370503870231914e+00,7.819370503870231914e+00,7.819370503870231914e+00,7.819370503870231914e+00,7.819370503870231914e+00
1.511124584902972856e+01,1.511124584902972856e+01,1.511124584902972856e+01,1.511124584902972856e+01,1.511124584902972856e+01,8.517310059136434575e+00,8.517310059136434575e+00,8.517310059136434575e+00,8.517310059136434575e+00,8.517310059136434575e+00,8.517310059136434575e+00,8.517310059136434575e+00,8.517310059136434575e+00,8.517310059136434575e+00,8.517310059136434575e+00,8.517310059136434575e+00,8.517310059136434575e+00,8.517310059136434575e+00,8.517310059136434575e+00,8.517310059136434575e+00,8.517310059136434575e+00
2.380412606449681334e+00,2.380412606449681334e+00,1.206598848366411403e-01,1.206598848366411403e-01,1.206598848366411403e-01,1.206598848366411403e-01,1.206598848366411403e-01,1.206598848366411403e-01,1.206598848366411403e-01,1.206598848366411403e-01,1.206598848366411403e-01,1.206598848366411403e-01,1.206598848366411403e-01,1.206598848366411403e-01,1.206598848366411403e-01,1.206598848366411403e-01,1.206598848366411403e-01,1.206598848366411403e-01,1.206598848366411403e-01,1.206598848366411403e-01,1.206598848366411403e-01
2.708285230052570114e+01,2.708285230052570114e+01,1.593115787131137040e+01,1.593115787131137040e+01,1.593115787131137040e+01,1.593115787131137040e+01,1.593115787131137040e+01,1.593115787131137040e+01,1.593115787131137040e+01,1.593115787131137040e+01,1.593115787131137040e+01,1.593115787131137040e+01,1.593115787131137040e+01,1.593115787131137040e+01,1.593115787131137040e+01,1.593115787131137040e+01,1.513426441785668430e+01,1.513426441785668430e+01,1.513426441785668430e+01,1.513426441785668430e+01,1.513426441785668430e+01
1.251566680872019788e+01,1.251566680872019788e+01,1.251566680872019788e+01,8.970514950919096009e+00,8.970514950919096009e+00,9.901135145519219805e-01,9.901135145519219805e-01,9.901135145519219805e-01,9.901135145519219805e-01,9.901135145519219805e-01,9.901135145519219805e-01,9.901135145519219805e-01,9.901135145519219805e-01,9.901135145519219805e-01,9.901135145519219805e-01,9.901135145519219805e-01,9.901135145519219805e-01,9.901135145519219805e-01,9.901135145519219805e-01,9.901135145519219805e-01,9.901135145519219805e-01
6.561466345228836872e+00,6.561466345228836872e+00,6.561466345228836872e+00,6.561466345228836872e+00,6.561466345228836872e+00,2.585593839645298431e+00,2.585593839645298431e+00,2.585593839645298431e+00,2.585593839645298431e+00,2.585593839645298431e+00,2.585593839645298431e+00,2.585593839645298431e+00,2.585593839645298431e+00,7.901778030791319907e-01,7.901778030791319907e-01,7.901778030791319907e-01,7.901778030791319907e-01,7.901778030791319907e-01,7.901778030791319907e-01,7.901778030791319907e-01,7.901778030791319907e-01
6.877875001535358024e+00,6.877875001535358024e+00,6.877875001535358024e+00,3.282938546497462085e+00,3.282938546497462085e+00,3.282938546497462085e+00,3.282938546497462085e+00,3.282938546497462085e+00,3.282938546497462085e+00,3.282938546497462085e+00,3.282938546497462085e+00,3.282938546497462085e+00,3.282938546497462085e+00,3.282938546497462085e+00,3.282938546497462085e+00,3.282938546497462085e+00,3.282938546497462085e+00,3.282938546497462085e+00,3.282938546497462085e+00,3.282938546497462085e+00,2.254484161103391671e+00
5.986996864012326114e-01,5.986996864012326114e-01,5.986996864012326114e-01,5.986996864012326114e-01,3.695297795075020986e-01,3.695297795075020986e-01,3.695297795075020986e-01,3.695297795075020986e-01,3.695297795075020986e-01,3.695297795075020986e-01,3.695297795075020986e-01,3.695297795075020986e-01,3.695297795075020986e-01,3.695297795075020986e-01,3.695297795075020986e-01,3.695297795075020986e-01,3.695297795075020986e-01,3.695297795075020986e-01,3.695297795075020986e-01,3.695297795075020986e-01,3.695297795075020986e-01
1.709089993163797772e+01,1.599673396418438642e+00,1.599673396418438642e+00,1.599673396418438642e+00,1.599673396418438642e+00,1.599673396418438642e+00,1.599673396418438642e+00,1.599673396418438642e+00,1.599673396418438642e+00,1.599673396418438642e+00,1.599673396418438642e+00,1.599673396418438642e+00,1.599673396418438642e+00,1.599673396418438642e+00,1.599673396418438642e+00,1.599673396418438642e+00,1.599673396418438642e+00,1.599673396418438642e+00,1.599673396418438642e+00,1.599673396418438642e+00,1.599673396418438642e+00
1.270306684876413783e+01,1.270306684876413783e+01,7.085689177420135820e-01,7.085689177420135820e-01,7.085689177420135820e-01,7.085689177420135820e-01,7.085689177420135820e-01,7.085689177420135820e-01,7.085689177420135820e-01,7.085689177420135820e-01,7.085689177420135820e-01,7.085689177420135820e-01,7.085689177420135820e-01,7.085689177420135820e-01,7.085689177420135820e-01,7.085689177420135820e-01,7.085689177420135820e-01,7.085689177420135820e-01,7.085689177420135820e-01,7.085689177420135820e-01,7.085689177420135820e-01
1.344761826701869722e+00,1.344761826701869722e+00,6.515666466566472081e-01,6.515666466566472081e-01,6.515666466566472081e-01,6.515666466566472081e-01,6.515666466566472081e-01,6.515666466566472081e-01,6.515666466566472081e-01,6.515666466566472081e-01,6.515666466566472081e-01,6.515666466566472081e-01,6.515666466566472081e-01,6.515666466566472081e-01,6.515666466566472081e-01,6.515666466566472081e-01,6.515666466566472081e-01,6.515666466566472081e-01,6.515666466566472081e-01,6.515666466566472081e-01,6.515666466566472081e-01
