1.513676229946355534e+01,2.688759039985399113e+00,2.688759039985399113e+00,3.339490462359719913e-01,3.339490462359719913e-01,3.339490462359719913e-01,3.339490462359719913e-01,3.339490462359719913e-01,3.339490462359719913e-01,3.339490462359719913e-01,3.339490462359719913e-01,3.339490462359719913e-01,3.339490462359719913e-01,3.339490462359719913e-01,3.339490462359719913e-01,3.339490462359719913e-01,3.339490462359719913e-01,3.339490462359719913e-01,3.339490462359719913e-01,3.339490462359719913e-01,3.339490462359719913e-01
1.948512006289871579e+01,6.909347082155818498e+00,6.909347082155818498e+00,6.909347082155818498e+00,6.909347082155818498e+00,1.557508459367625164e+00,1.557508459367625164e+00,1.557508459367625164e+00,1.557508459367625164e+00,1.557508459367625164e+00,1.557508459367625164e+00,1.557508459367625164e+00,1.557508459367625164e+00,1.557508459367625164e+00,1.557508459367625164e+00,1.557508459367625164e+00,1.557508459367625164e+00,1.557508459367625164e+00,1.557508459367625164e+00,1.557508459367625164e+00,1.557508459367625164e+00
6.802468539619837884e+00,6.802468539619837884e+00,7.599409100535012840e-01,7.599409100535012840e-01,7.599409100535012840e-01,7.599409100535012840e-01,7.599409100535012840e-01,7.599409100535012840e-01,7.599409100535012840e-01,7.599409100535012840e-01,7.599409100535012840e-01,7.599409100535012840e-01,7.599409100535012840e-01,7.599409100535012840e-01,7.599409100535012840e-01,1.543222772579326829e-01,1.543222772579326829e-01,1.543222772579326829e-01,1.543222772579326829e-01,1.543222772579326829e-01,1.543222772579326829e-01
1.434859887684805813e+01,1.434859822903217719e+01,1.434859592180885102e+01,1.434859592180885102e+01,1.434859592180885102e+01,1.434859592180885102e+01,1.434859592180885102e+01,1.434859592180885102e+01,1.434857152908867306e+01,1.434857152908867306e+01,1.434857152908867306e+01,1.434857152908867306e+01,1.434857152908867306e+01,1.434857152908867306e+01,1.434855746729715520e+01,1.434855746729715520e+01,1.434855746729715520e+01,1.434855746729715520e+01,1.434855746729715520e+01,1.434855746729715520e+01,1.434855746729715520e+01
3.067613505143043540e+00,3.067613505143043540e+00,3.067613505143043540e+00,3.067613505143043540e+00,3.067613505143043540e+00,3.067613505143043540e+00,3.067613505143043540e+00,3.067613505143043540e+00,3.067613505143043540e+00,3.067613505143043540e+00,3.067613505143043540e+00,3.067613505143043540e+00,3.067613505143043540e+00,1.771978797814000472e+00,1.771978797814000472e+00,1.771978797814000472e+00,1.771978797814000472e+00,1.771978797814000472e+00,1.771978797814000472e+00,1.771978797814000472e+00,1.771978797814000472e+00
1.551413049639427300e+01,1.551413049639427300e+01,1.035476161476958623e+01,1.035476161476958623e+01,1.035476161476958623e+01,1.035476161476958623e+01,1.973962675923871757e+00,1.434816990925014579e+00,1.434816990925014579e+00,1.434816990925014579e+00,1.434816990925014579e+00,1.434816990925014579e+00,1.434816990925014579e+00,1.434816990925014579e+00,1.434816990925014579e+00,1.434816990925014579e+00,1.434816990925014579e+00,3.744230919702147276e-01,3.744230919702147276e-01,3.744230919702147276e-01,3.730231235138035117e-01
2.532226537349913542e+00,2.532226537349913542e+00,2.532226537349913542e+00,2.532226537349913542e+00,2.532226537349913542e+00,2.532226537349913542e+00,2.532226537349913542e+00,2.532226537349913542e+00,2.532226537349913542e+00,2.532226537349913542e+00,2.532226537349913542e+00,2.532226537349913542e+00,2.532226537349913542e+00,2.532226537349913542e+00,2.532226537349913542e+00,2.532226537349913542e+00,2.532226537349913542e+00,2.532226537349913542e+00,2.532226537349913542e+00,2.532226537349913542e+00,2.532226537349913542e+00
2.499512007542080028e+00,2.499512007542080028e+00,2.499512007542080028e+00,2.499512007542080028e+00,2.499512007542080028e+00,2.499512007542080028e+00,2.499512007542080028e+00,2.499512007542080028e+00,2.499512007542080028e+00,2.499512007542080028e+00,2.499512007542080028e+00,2.499512007542080028e+00,2.499512007542080028e+00,2.499512007542080028e+00,2.499512007542080028e+00,2.499512007542080028e+00,2.499512007542080028e+00,2.499512007542080028e+00,2.499512007542080028e+00,2.499512007542080028e+00,2.499512007542080028e+00
5.865096455221134875e-01,5.865096455221134875e-01,5.865096455221134875e-01,5.865096455221134875e-01,5.865096455221134875e-01,4.330022529466646120e-01,4.330022529466646120e-01,4.330022529466646120e-01,4.330022529466646120e-01,4.330022529466646120e-01,4.330022529466646120e-01,4.330022529466646120e-01,4.330022529466646120e-01,4.286082616475539453e-01,4.286082616475539453e-01,4.286082616475539453e-01,4.286082616475539453e-01,3.256615305069203714e-01,3.256615305069203714e-01,3.256615305069203714e-01,3.256615305069203714e-01
1.028825199428521842e+01,1.028825199428521842e+01,6.370310391810619421e+00,6.370310391810619421e+00,6.370310391810619421e+00,6.370310391810619421e+00,6.370310391810619421e+00,1.340003868771987072e+00,1.340003868771987072e+00,1.340003868771987072e+00,7.069078503789683054e-01,7.069078503789683054e-01,7.069078503789683054e-01,7.069078503789683054e-01,7.069078503789683054e-01,7.069078503789683054e-01,7.069078503789683054e-01,3.090893896780357863e-01,3.090893896780357863e-01,3.090893896780357863e-01,3.090893896780357863e-01
1.511124584903026857e+01,1.511124584903026857e+01,1.511124584903026857e+01,1.511124584903026857e+01,2.995381258508075462e+00,2.995381258508075462e+00,2.995381258508075462e+00,2.995381258508075462e+00,2.995381258508075462e+00,2.995381258508075462e+00,2.995381258508075462e+00,2.995381258508075462e+00,2.995381258508075462e+00,2.995381258508075462e+00,2.995381258508075462e+00,2.995381258508075462e+00,2.995381258508075462e+00,2.995381258508075462e+00,2.995381258508075462e+00,2.995381258508075462e+00,2.995381258508075462e+00
2.380412606450249768e+00,2.380412606450249768e+00,2.380412606450249768e+00,2.380412606450249768e+00,2.380412606450249768e+00,2.380412606450249768e+00,2.380412606450249768e+00,2.380412606450249768e+00,2.380412606450249768e+00,2.380412606450249768e+00,2.380412606450249768e+00,1.374247626602311811e-01,1.374247626602311811e-01,1.374247626602311811e-01,1.374247626602311811e-01,1.374247626602311811e-01,1.374247626602311811e-01,1.374247626602311811e-01,1.374247626602311811e-01,1.374247626602311811e-01,1.374247626602311811e-01
2.708285230052538850e+01,2.705333008398741867e+01,2.126260927129516176e+01,2.126260927129516176e+01,2.126260927129516176e+01,2.033937114091321519e+01,1.261038473199943155e+01,9.263849011474718509e+00,4.977844255061114609e+00,4.270019181908452310e+00,2.593284949666525563e+00,1.950289661698889176e+00,1.783114905624586299e+00,1.783114905624586299e+00,1.783114905624586299e+00,1.783114905624586299e+00,1.783114905624586299e+00,1.783114905624586299e+00,1.783114905624586299e+00,1.783114905624586299e+00,1.661872929865523929e+00
1.251566680872105053e+01,1.251566680872105053e+01,1.251566680872105053e+01,1.251566680872105053e+01,2.536433225008067893e+00,2.536433225008067893e+00,2.536433225008067893e+00,2.536433225008067893e+00,2.389265443727339289e+00,2.389265443727339289e+00,2.389265443727339289e+00,2.389265443727339289e+00,2.389265443727339289e+00,2.389265443727339289e+00,2.389265443727339289e+00,2.389265443727339289e+00,2.389265443727339289e+00,2.389265443727339289e+00,2.389265443727339289e+00,2.389265443727339289e+00,2.389265443727339289e+00
6.561466345229575836e+00,6.561466345229575836e+00,2.626161484159723614e+00,2.626161484159723614e+00,2.626161484159723614e+00,2.626161484159723614e+00,2.626161484159723614e+00,2.626161484159723614e+00,2.626161484159723614e+00,2.626161484159723614e+00,2.626161484159723614e+00,2.626161484159723614e+00,2.626161484159723614e+00,2.626161484159723614e+00,2.626161484159723614e+00,2.626161484159723614e+00,2.626161484159723614e+00,2.626161484159723614e+00,2.626161484159723614e+00,2.626161484159723614e+00,2.626161484159723614e+00
6.877875001534562216e+00,5.176616874583828576e+00,5.176616874583828576e+00,1.385891399969608528e+00,1.385891399969608528e+00,1.385891399969608528e+00,1.385891399969608528e+00,1.385891399969608528e+00,1.385891399969608528e+00,1.385891399969608528e+00,1.385891399969608528e+00,1.385891399969608528e+00,1.385891399969608528e+00,1.382207621495865624e-01,9.592146708206428229e-02,9.592146708206428229e-02,9.592146708206428229e-02,9.592146708206428229e-02,9.592146708206428229e-02,8.210485847845916396e-02,6.286234241886745622e-02
5.986996864018578890e-01,5.986996864018578890e-01,5.986996864018578890e-01,5.986996864018578890e-01,5.986996864018578890e-01,5.986996864018578890e-01,5.986996864018578890e-01,5.986996864018578890e-01,5.986996864018578890e-01,5.986996864018578890e-01,5.986996864018578890e-01,5.986996864018578890e-01,5.986996864018578890e-01,5.986996864018578890e-01,5.986996864018578890e-01,5.986996864018578890e-01,5.986996864018578890e-01,5.986996864018578890e-01,2.946031968426154890e-02,2.946031968426154890e-02,2.946031968426154890e-02
1.709089993163834720e+01,2.413752859180789301e+00,2.413752859180789301e+00,2.413752859180789301e+00,2.413752859180789301e+00,2.413752859180789301e+00,2.413752859180789301e+00,2.413752859180789301e+00,2.413752859180789301e+00,2.413752859180789301e+00,2.413752859180789301e+00,1.741896004284598121e+00,1.741896004284598121e+00,1.741896004284598121e+00,1.741896004284598121e+00,1.741896004284598121e+00,1.741896004284598121e+00,1.741896004284598121e+00,1.741896004284598121e+00,1.741896004284598121e+00,1.741896004284598121e+00
1.270306684876325676e+01,8.016746985839972695e+00,5.848735086111503279e+00,5.848735086111503279e+00,5.848735086111503279e+00,5.848735086111503279e+00,5.848735086111503279e+00,5.848735086111503279e+00,5.848735086111503279e+00,5.848735086111503279e+00,5.848735086111503279e+00,5.848735086111503279e+00,5.848735086111503279e+00,5.848735086111503279e+00,5.848735086111503279e+00,5.848735086111503279e+00,5.848735086111503279e+00,5.848735086111503279e+00,5.848735086111503279e+00,5.848735086111503279e+00,5.848735086111503279e+00
1.344761826701102336e+00,1.344761826701102336e+00,6.832046090228800495e-01,6.832046090228800495e-01,1.685002485552899998e-01,1.685002485552899998e-01,1.685002485552899998e-01,1.685002485552899998e-01,1.685002485552899998e-01,1.685002485552899998e-01,1.685002485552899998e-01,1.685002485552899998e-01,1.685002485552899998e-01,1.685002485552899998e-01,1.685002485552899998e-01,1.685002485552899998e-01,1.685002485552899998e-01,1.685002485552899998e-01,1.685002485552899998e-01,1.685002485552899998e-01,1.685002485552899998e-01
