1.513676229946355534e+01,3.716361626141889474e+00,3.716361626141889474e+00,3.716361626141889474e+00,1.673523771507348101e+00,1.673523771507348101e+00,1.673523771507348101e+00,1.673523771507348101e+00,1.673523771507348101e+00,1.673523771507348101e+00,1.673523771507348101e+00,1.673523771507348101e+00,1.673523771507348101e+00,1.673523771507348101e+00,1.673523771507348101e+00,1.673523771507348101e+00,1.673523771507348101e+00,1.673523771507348101e+00,1.673523771507348101e+00,1.673523771507348101e+00,1.673523771507348101e+00
1.948512006289871579e+01,1.948512006289871579e+01,4.343931151653919187e-01,4.343931151653919187e-01,4.343931151653919187e-01,4.343931151653919187e-01,4.343931151653919187e-01,4.343931151653919187e-01,4.343931151653919187e-01,4.343931151653919187e-01,4.343931151653919187e-01,4.343931151653919187e-01,4.343931151653919187e-01,4.343931151653919187e-01,4.343931151653919187e-01,4.343931151653919187e-01,4.343931151653919187e-01,4.343931151653919187e-01,4.343931151653919187e-01,4.343931151653919187e-01,4.343931151653919187e-01
6.802468539619837884e+00,5.522255423378396699e+00,2.552892731906126755e-01,2.552892731906126755e-01,2.552892731906126755e-01,2.552892731906126755e-01,2.552892731906126755e-01,2.552892731906126755e-01,2.552892731906126755e-01,2.552892731906126755e-01,2.552892731906126755e-01,2.552892731906126755e-01,2.552892731906126755e-01,2.552892731906126755e-01,2.552892731906126755e-01,2.552892731906126755e-01,2.552892731906126755e-01,2.552892731906126755e-01,2.552892731906126755e-01,2.552892731906126755e-01,2.552892731906126755e-01
1.434859887684805813e+01,1.434859887684805813e+01,1.434859887684805813e+01,1.387776645289281419e+01,7.219625476253128227e+00,7.219625476253128227e+00,7.219625476253128227e+00,1.461324242468521106e+00,1.461324242468521106e+00,1.461324242468521106e+00,1.461324242468521106e+00,1.461324242468521106e+00,1.461324242468521106e+00,1.461324242468521106e+00,1.461324242468521106e+00,1.461324242468521106e+00,7.685881169659865009e-01,7.685881169659865009e-01,7.685881169659865009e-01,7.685881169659865009e-01,7.685881169659865009e-01
3.067613505143043540e+00,3.067613505143043540e+00,9.953028503647090020e-01,9.953028503647090020e-01,9.953028503647090020e-01,9.953028503647090020e-01,9.953028503647090020e-01,9.953028503647090020e-01,9.953028503647090020e-01,9.953028503647090020e-01,9.953028503647090020e-01,9.953028503647090020e-01,9.953028503647090020e-01,9.953028503647090020e-01,9.953028503647090020e-01,9.953028503647090020e-01,9.953028503647090020e-01,9.953028503647090020e-01,9.953028503647090020e-01,9.953028503647090020e-01,9.953028503647090020e-01
1.551413049639427300e+01,1.551413049639427300e+01,1.010461718043509904e+01,4.144913909256899842e+00,4.144913909256899842e+00,2.183965623718364668e+00,2.183965623718364668e+00,2.183965623718364668e+00,2.183965623718364668e+00,2.183965623718364668e+00,2.183965623718364668e+00,2.183965623718364668e+00,2.183965623718364668e+00,2.183965623718364668e+00,2.183965623718364668e+00,2.183965623718364668e+00,1.850980803333868607e+00,1.850980803333868607e+00,1.850980803333868607e+00,1.850980803333868607e+00,1.850980803333868607e+00
2.532226537349913542e+00,2.532226537349913542e+00,2.532226537349913542e+00,2.532226537349913542e+00,2.532226537349913542e+00,2.532226537349913542e+00,2.532226537349913542e+00,2.532226537349913542e+00,2.532226537349913542e+00,2.532226537349913542e+00,2.532226537349913542e+00,2.532226537349913542e+00,2.532226537349913542e+00,2.532226537349913542e+00,2.532226537349913542e+00,2.532226537349913542e+00,2.532226537349913542e+00,2.532226537349913542e+00,2.532226537349913542e+00,2.532226537349913542e+00,9.108625289787539714e-01
2.499512007542080028e+00,2.499512007542080028e+00,2.499512007542080028e+00,2.499512007542080028e+00,2.499512007542080028e+00,2.499512007542080028e+00,2.499512007542080028e+00,2.499512007542080028e+00,2.499512007542080028e+00,2.499512007542080028e+00,1.819894317552467555e+00,1.819894317552467555e+00,1.819894317552467555e+00,1.025259512639081549e+00,1.025259512639081549e+00,1.025259512639081549e+00,1.025259512639081549e+00,1.025259512639081549e+00,1.025259512639081549e+00,1.254899772712008144e-01,1.254899772712008144e-01
5.865096455221134875e-01,5.865096455221134875e-01,5.865096455221134875e-01,5.865096455221134875e-01,5.865096455221134875e-01,5.865096455221134875e-01,5.865096455221134875e-01,5.865096455221134875e-01,5.865096455221134875e-01,5.865096455221134875e-01,5.865096455221134875e-01,5.865096455221134875e-01,5.865096455221134875e-01,5.865096455221134875e-01,5.865096455221134875e-01,5.865096455221134875e-01,5.865096455221134875e-01,5.865096455221134875e-01,5.865096455221134875e-01,5.865096455221134875e-01,5.865096455221134875e-01
1.028825199428521842e+01,1.028825199428521842e+01,1.028825199428521842e+01,9.585077488401481105e+00,9.585077488401481105e+00,9.585077488401481105e+00,6.079631818567918344e+00,6.079631818567918344e+00,1.155877173360778443e+00,1.155877173360778443e+00,5.224948582403783348e-01,5.224948582403783348e-01,5.224948582403783348e-01,5.224948582403783348e-01,5.224948582403783348e-01,5.224948582403783348e-01,5.224948582403783348e-01,5.224948582403783348e-01,5.224948582403783348e-01,5.224948582403783348e-01,5.224948582403783348e-01
1.511124584903026857e+01,1.511124584903026857e+01,1.511124584903026857e+01,3.143862924117115654e+00,3.143862924117115654e+00,3.143862924117115654e+00,3.143862924117115654e+00,3.143862924117115654e+00,1.514428515974344691e+00,1.514428515974344691e+00,1.514428515974344691e+00,1.514428515974344691e+00,1.514428515974344691e+00,1.514428515974344691e+00,1.514428515974344691e+00,1.514428515974344691e+00,1.514428515974344691e+00,1.514428515974344691e+00,1.514428515974344691e+00,1.514428515974344691e+00,1.514428515974344691e+00
2.380412606450249768e+00,2.380412606450249768e+00,2.380412606450249768e+00,2.380412606450249768e+00,3.607369584052548817e-01,3.607369584052548817e-01,3.607369584052548817e-01,3.607369584052548817e-01,3.607369584052548817e-01,3.607369584052548817e-01,3.607369584052548817e-01,3.607369584052548817e-01,3.607369584052548817e-01,3.195520041664678956e-01,3.195520041664678956e-01,3.195520041664678956e-01,3.195520041664678956e-01,3.195520041664678956e-01,3.195520041664678956e-01,3.195520041664678956e-01,3.195520041664678956e-01
2.708285230052538850e+01,2.708285230052538850e+01,7.225858575312997800e+00,3.152360579309828381e+00,3.152360579309828381e+00,3.152360579309828381e+00,3.152360579309828381e+00,3.152360579309828381e+00,3.152360579309828381e+00,3.152360579309828381e+00,3.152360579309828381e+00,3.152360579309828381e+00,2.959882625586885752e+00,2.959882625586885752e+00,2.959882625586885752e+00,2.959882625586885752e+00,2.959882625586885752e+00,2.959882625586885752e+00,2.959882625586885752e+00,2.959882625586885752e+00,2.959882625586885752e+00
1.251566680872105053e+01,1.251566680872105053e+01,9.890565353649378721e+00,1.445014120151000725e+00,1.445014120151000725e+00,1.445014120151000725e+00,1.445014120151000725e+00,1.445014120151000725e+00,1.445014120151000725e+00,1.445014120151000725e+00,1.445014120151000725e+00,1.445014120151000725e+00,1.445014120151000725e+00,1.445014120151000725e+00,1.445014120151000725e+00,1.445014120151000725e+00,1.445014120151000725e+00,1.445014120151000725e+00,7.762295621741657214e-01,7.762295621741657214e-01,7.762295621741657214e-01
6.561466345229575836e+00,6.187920392096231126e+00,6.187920392096231126e+00,6.187920392096231126e+00,6.187920392096231126e+00,2.327029025701676801e-02,2.327029025701676801e-02,2.327029025701676801e-02,2.327029025701676801e-02,2.327029025701676801e-02,2.327029025701676801e-02,2.327029025701676801e-02,2.327029025701676801e-02,2.327029025701676801e-02,2.327029025701676801e-02,2.327029025701676801e-02,2.327029025701676801e-02,2.327029025701676801e-02,2.327029025701676801e-02,2.239995517172133077e-02,2.239995517172133077e-02
6.877875001534562216e+00,6.877875001534562216e+00,5.738910798711174266e+00,5.738910798711174266e+00,2.949838867907772055e+00,2.949838867907772055e+00,2.949838867907772055e+00,2.949838867907772055e+00,2.949838867907772055e+00,2.949838867907772055e+00,2.949838867907772055e+00,2.949838867907772055e+00,2.949838867907772055e+00,2.949838867907772055e+00,2.949838867907772055e+00,2.949838867907772055e+00,2.949838867907772055e+00,2.949838867907772055e+00,2.949838867907772055e+00,2.466137116679760766e-01,2.466137116679760766e-01
5.986996864018578890e-01,5.986996864018578890e-01,5.986996864018578890e-01,5.986996864018578890e-01,5.986996864018578890e-01,5.986996864018578890e-01,5.986996864018578890e-01,5.986996864018578890e-01,5.986996864018578890e-01,5.986996864018578890e-01,5.986996864018578890e-01,5.986996864018578890e-01,5.986996864018578890e-01,5.986996864018578890e-01,5.986996864018578890e-01,5.986996864018578890e-01,5.986996864018578890e-01,5.986996864018578890e-01,5.986996864018578890e-01,5.986996864018578890e-01,5.986996864018578890e-01
1.709089993163834720e+01,1.104801088539053922e+01,1.104801088539053922e+01,1.104801088539053922e+01,1.104801088539053922e+01,1.104801088539053922e+01,2.701792474386337517e+00,2.701792474386337517e+00,1.422196629629354447e+00,1.422196629629354447e+00,1.422196629629354447e+00,1.422196629629354447e+00,1.422196629629354447e+00,1.422196629629354447e+00,1.422196629629354447e+00,1.422196629629354447e+00,1.422196629629354447e+00,1.422196629629354447e+00,1.422196629629354447e+00,1.422196629629354447e+00,1.422196629629354447e+00
1.270306684876325676e+01,1.200193470192016321e+01,2.608985266810577741e+00,2.608985266810577741e+00,2.608985266810577741e+00,2.608985266810577741e+00,2.608985266810577741e+00,2.608985266810577741e+00,2.608985266810577741e+00,2.608985266810577741e+00,2.608985266810577741e+00,1.364709275561210688e+00,1.364709275561210688e+00,1.364709275561210688e+00,7.506560826609245396e-01,7.506560826609245396e-01,7.506560826609245396e-01,7.506560826609245396e-01,7.506560826609245396e-01,7.506560826609245396e-01,7.506560826609245396e-01
1.344761826701102336e+00,5.984098345368238370e-01,5.984098345368238370e-01,5.096573362017124964e-01,5.096573362017124964e-01,5.096573362017124964e-01,5.096573362017124964e-01,5.096573362017124964e-01,5.096573362017124964e-01,5.096573362017124964e-01,5.096573362017124964e-01,5.096573362017124964e-01,5.096573362017124964e-01,5.096573362017124964e-01,5.096573362017124964e-01,5.096573362017124964e-01,5.096573362017124964e-01,5.096573362017124964e-01,5.096573362017124964e-01,5.096573362017124964e-01,5.096573362017124964e-01
