1.513676229946355534e+01,2.688759039985413324e+00,2.688759039985413324e+00,2.688759039985413324e+00,2.688759039985413324e+00,2.688759039985413324e+00,2.688759039985413324e+00,2.688759039985413324e+00,2.688759039985413324e+00,2.688759039985413324e+00,2.688759039985413324e+00,1.887370753038240423e+00,1.887370753038240423e+00,1.887370753038240423e+00,1.887370753038240423e+00,1.887370753038240423e+00,1.887370753038240423e+00,1.887370753038240423e+00,1.887370753038240423e+00,1.887370753038240423e+00,1.887370753038240423e+00
1.948512006289873000e+01,6.909347082155818498e+00,4.694171902210115377e+00,4.694171902210115377e+00,4.694171902210115377e+00,3.960282751936276213e+00,3.960282751936276213e+00,3.960282751936276213e+00,3.960282751936276213e+00,3.960282751936276213e+00,3.960282751936276213e+00,2.203198255587111021e+00,2.203198255587111021e+00,2.203198255587111021e+00,2.203198255587111021e+00,2.203198255587111021e+00,2.203198255587111021e+00,2.203198255587111021e+00,2.203198255587111021e+00,2.203198255587111021e+00,2.203198255587111021e+00
6.802468539619837884e+00,6.802468539619837884e+00,7.422914648537073390e-01,7.422914648537073390e-01,7.422914648537073390e-01,7.422914648537073390e-01,7.422914648537073390e-01,7.422914648537073390e-01,7.422914648537073390e-01,7.422914648537073390e-01,7.422914648537073390e-01,7.422914648537073390e-01,7.422914648537073390e-01,7.422914648537073390e-01,7.422914648537073390e-01,7.422914648537073390e-01,7.422914648537073390e-01,7.422914648537073390e-01,7.422914648537073390e-01,7.422914648537073390e-01,7.422914648537073390e-01
1.434859887684804391e+01,1.434859822903217719e+01,1.434859663220672132e+01,1.434859663220672132e+01,1.434859663220672132e+01,1.434859460799286524e+01,1.434859460799286524e+01,1.434859460799286524e+01,1.434859310848253244e+01,1.434859310848253244e+01,1.434859310848253244e+01,1.434859310848253244e+01,1.434859310848253244e+01,1.434859310848253244e+01,1.434856050163523378e+01,1.434856050163523378e+01,1.434856050163523378e+01,1.434856050163523378e+01,1.434856050163523378e+01,1.434856050163523378e+01,1.434856050163523378e+01
3.067613505143029329e+00,3.067613505143029329e+00,3.067613505143029329e+00,2.618052482142715576e+00,2.618052482142715576e+00,2.618052482142715576e+00,2.618052482142715576e+00,2.618052482142715576e+00,2.618052482142715576e+00,2.618052482142715576e+00,2.618052482142715576e+00,7.475309751687575499e-01,7.475309751687575499e-01,7.475309751687575499e-01,7.475309751687575499e-01,7.475309751687575499e-01,7.475309751687575499e-01,7.475309751687575499e-01,7.475309751687575499e-01,7.475309751687575499e-01,7.475309751687575499e-01
1.551413049639427300e+01,1.551413049639427300e+01,1.551413049639427300e+01,8.976472729635560199e+00,8.976472729635560199e+00,8.976472729635560199e+00,4.129364163794804199e-01,4.129364163794804199e-01,4.129364163794804199e-01,4.129364163794804199e-01,4.129364163794804199e-01,4.129364163794804199e-01,4.129364163794804199e-01,4.129364163794804199e-01,4.129364163794804199e-01,4.129364163794804199e-01,4.129364163794804199e-01,4.129364163794804199e-01,4.129364163794804199e-01,1.865197459400462776e-01,1.865197459400462776e-01
2.532226537349927753e+00,2.532226537349927753e+00,2.532226537349927753e+00,2.532226537349927753e+00,2.532226537349927753e+00,2.532226537349927753e+00,2.532226537349927753e+00,2.532226537349927753e+00,2.532226537349927753e+00,2.532226537349927753e+00,2.532226537349927753e+00,2.106727283532933370e+00,2.106727283532933370e+00,2.106727283532933370e+00,2.106727283532933370e+00,2.106727283532933370e+00,2.106727283532933370e+00,2.106727283532933370e+00,2.106727283532933370e+00,2.106727283532933370e+00,2.106727283532933370e+00
2.499512007542094238e+00,2.499512007542094238e+00,2.499512007542094238e+00,2.499512007542094238e+00,2.499512007542094238e+00,2.499512007542094238e+00,2.499512007542094238e+00,2.499512007542094238e+00,2.499512007542094238e+00,2.499512007542094238e+00,2.499512007542094238e+00,9.723473994274058896e-01,9.723473994274058896e-01,9.723473994274058896e-01,9.723473994274058896e-01,9.723473994274058896e-01,9.723473994274058896e-01,9.723473994274058896e-01,9.723473994274058896e-01,9.723473994274058896e-01,9.723473994274058896e-01
5.865096455221276983e-01,5.865096455221276983e-01,5.865096455221276983e-01,5.865096455221276983e-01,5.865096455221276983e-01,5.865096455221276983e-01,5.865096455221276983e-01,5.865096455221276983e-01,2.162026331772466392e-01,2.162026331772466392e-01,2.162026331772466392e-01,2.162026331772466392e-01,2.162026331772466392e-01,2.162026331772466392e-01,2.162026331772466392e-01,2.162026331772466392e-01,2.162026331772466392e-01,2.162026331772466392e-01,2.162026331772466392e-01,2.162026331772466392e-01,2.162026331772466392e-01
1.028825199428523263e+01,1.028825199428523263e+01,6.581507081725462172e+00,6.581507081725462172e+00,6.581507081725462172e+00,6.581507081725462172e+00,6.581507081725462172e+00,9.119898423994925452e-01,9.119898423994925452e-01,4.523276358413710341e-01,4.523276358413710341e-01,4.523276358413710341e-01,4.523276358413710341e-01,4.523276358413710341e-01,4.523276358413710341e-01,4.523276358413710341e-01,4.523276358413710341e-01,4.523276358413710341e-01,4.523276358413710341e-01,4.523276358413710341e-01,4.523276358413710341e-01
1.511124584903026857e+01,1.511124584903026857e+01,7.798270915240721024e+00,7.798270915240721024e+00,1.580974921003388545e-01,1.580974921003388545e-01,1.580974921003388545e-01,1.580974921003388545e-01,1.580974921003388545e-01,1.580974921003388545e-01,1.580974921003388545e-01,1.580974921003388545e-01,1.580974921003388545e-01,1.580974921003388545e-01,1.580974921003388545e-01,1.580974921003388545e-01,1.580974921003388545e-01,1.580974921003388545e-01,1.580974921003388545e-01,1.580974921003388545e-01,1.580974921003388545e-01
2.380412606450263979e+00,2.380412606450263979e+00,2.380412606450263979e+00,2.380412606450263979e+00,2.131464746100476759e+00,2.131464746100476759e+00,2.131464746100476759e+00,2.131464746100476759e+00,2.131464746100476759e+00,2.131464746100476759e+00,4.041822155855356868e-02,4.041822155855356868e-02,4.041822155855356868e-02,4.041822155855356868e-02,4.041822155855356868e-02,4.041822155855356868e-02,4.041822155855356868e-02,4.041822155855356868e-02,4.041822155855356868e-02,4.041822155855356868e-02,4.041822155855356868e-02
2.708285230052538850e+01,2.705333008398740446e+01,2.140179879664280804e+01,2.140179879664280804e+01,1.856749967951856206e+01,3.625063576264196286e+00,3.625063576264196286e+00,3.625063576264196286e+00,3.537244920512563340e+00,3.416581991423470299e+00,3.391867207814954099e+00,3.391867207814954099e+00,3.391867207814954099e+00,3.391867207814954099e+00,3.391867207814954099e+00,3.391867207814954099e+00,3.391867207814954099e+00,3.391867207814954099e+00,3.391867207814954099e+00,3.391867207814954099e+00,3.391867207814954099e+00
1.251566680872103632e+01,1.251566680872103632e+01,1.251566680872103632e+01,1.251566680872103632e+01,1.251566680872103632e+01,2.477991969995940735e+00,2.477991969995940735e+00,2.477991969995940735e+00,2.477991969995940735e+00,2.477991969995940735e+00,2.477991969995940735e+00,2.477991969995940735e+00,2.477991969995940735e+00,2.477991969995940735e+00,2.477991969995940735e+00,2.477991969995940735e+00,2.477991969995940735e+00,2.477991969995940735e+00,2.477991969995940735e+00,2.477991969995940735e+00,2.477991969995940735e+00
6.561466345229590047e+00,6.561466345229590047e+00,6.561466345229590047e+00,2.359224946286246904e+00,2.359224946286246904e+00,2.359224946286246904e+00,2.359224946286246904e+00,2.359224946286246904e+00,2.359224946286246904e+00,2.359224946286246904e+00,2.359224946286246904e+00,2.359224946286246904e+00,2.359224946286246904e+00,2.359224946286246904e+00,2.359224946286246904e+00,2.359224946286246904e+00,2.359224946286246904e+00,2.359224946286246904e+00,2.359224946286246904e+00,2.359224946286246904e+00,2.359224946286246904e+00
6.877875001534548005e+00,5.176616874583828576e+00,5.176616874583828576e+00,5.176616874583828576e+00,1.578168534686994917e+00,1.578168534686994917e+00,1.578168534686994917e+00,1.578168534686994917e+00,1.578168534686994917e+00,7.590107962052883295e-01,7.590107962052883295e-01,7.590107962052883295e-01,7.590107962052883295e-01,7.590107962052883295e-01,7.590107962052883295e-01,7.590107962052883295e-01,7.590107962052883295e-01,7.590107962052883295e-01,4.211821648600277967e-02,4.211821648600277967e-02,4.211821648600277967e-02
5.986996864018436781e-01,5.986996864018436781e-01,5.986996864018436781e-01,5.986996864018436781e-01,5.986996864018436781e-01,5.986996864018436781e-01,5.986996864018436781e-01,5.986996864018436781e-01,5.986996864018436781e-01,1.673694714472873102e-01,1.673694714472873102e-01,1.673694714472873102e-01,1.673694714472873102e-01,1.673694714472873102e-01,1.673694714472873102e-01,1.673694714472873102e-01,1.673694714472873102e-01,1.673694714472873102e-01,1.673694714472873102e-01,1.673694714472873102e-01,1.673694714472873102e-01
1.709089993163834720e+01,2.413752859180789301e+00,2.413752859180789301e+00,2.413752859180789301e+00,2.413752859180789301e+00,2.413752859180789301e+00,2.413752859180789301e+00,2.413752859180789301e+00,2.413752859180789301e+00,1.661708316062288304e+00,1.287427986014492376e+00,5.480227710586120793e-01,5.480227710586120793e-01,5.480227710586120793e-01,5.480227710586120793e-01,5.480227710586120793e-01,5.480227710586120793e-01,5.480227710586120793e-01,5.480227710586120793e-01,5.480227710586120793e-01,5.480227710586120793e-01
1.270306684876325676e+01,8.016746985839972695e+00,5.684661966426588720e+00,5.684661966426588720e+00,5.684661966426588720e+00,5.684661966426588720e+00,5.684661966426588720e+00,5.684661966426588720e+00,5.684661966426588720e+00,5.684661966426588720e+00,5.684661966426588720e+00,5.684661966426588720e+00,5.684661966426588720e+00,5.684661966426588720e+00,5.684661966426588720e+00,5.684661966426588720e+00,5.684661966426588720e+00,5.684661966426588720e+00,5.684661966426588720e+00,5.684661966426588720e+00,5.684661966426588720e+00
1.344761826701116547e+00,1.344761826701116547e+00,6.548513753860163433e-01,1.059805880212962848e-01,1.059805880212962848e-01,1.059805880212962848e-01,1.059805880212962848e-01,1.059805880212962848e-01,1.059805880212962848e-01,1.059805880212962848e-01,1.059805880212962848e-01,1.059805880212962848e-01,1.059805880212962848e-01,1.059805880212962848e-01,1.059805880212962848e-01,1.059805880212962848e-01,1.059805880212962848e-01,1.059805880212962848e-01,1.059805880212962848e-01,1.059805880212962848e-01,1.059805880212962848e-01
