1.513676229946355534e+01,1.513676229946355534e+01,1.513676229946355534e+01,1.513676229946355534e+01,1.513676229946355534e+01,1.513676229946355534e+01,2.674546499633009944e+00,2.674546499633009944e+00,2.674546499633009944e+00,2.674546499633009944e+00,2.674546499633009944e+00,2.674546499633009944e+00,2.674546499633009944e+00,2.674546499633009944e+00,2.674546499633009944e+00,2.674546499633009944e+00,2.674546499633009944e+00,2.674546499633009944e+00,2.674546499633009944e+00,2.674546499633009944e+00,2.674546499633009944e+00
1.948512006289871579e+01,1.948512006289871579e+01,6.440631908719467447e+00,6.440631908719467447e+00,6.440631908719467447e+00,6.440631908719467447e+00,1.562538129585163915e+00,1.562538129585163915e+00,1.562538129585163915e+00,1.562538129585163915e+00,1.562538129585163915e+00,1.562538129585163915e+00,1.230974829707065510e-02,1.230974829707065510e-02,1.230974829707065510e-02,1.230974829707065510e-02,1.230974829707065510e-02,1.230974829707065510e-02,1.230974829707065510e-02,1.230974829707065510e-02,1.230974829707065510e-02
6.802468539619837884e+00,6.802468539619837884e+00,6.802468539619837884e+00,1.428871003093405534e+00,1.428871003093405534e+00,1.428871003093405534e+00,1.428871003093405534e+00,1.428871003093405534e+00,1.428871003093405534e+00,1.428871003093405534e+00,1.428871003093405534e+00,1.428871003093405534e+00,1.428871003093405534e+00,1.428871003093405534e+00,8.227602292286917418e-01,8.227602292286917418e-01,8.227602292286917418e-01,8.227602292286917418e-01,8.227602292286917418e-01,8.227602292286917418e-01,8.227602292286917418e-01
1.434859887684805813e+01,1.431959428512945465e+01,1.431959428512945465e+01,1.431959428512945465e+01,1.431959428512945465e+01,1.431959428512945465e+01,1.431959428512945465e+01,1.431959428512945465e+01,1.431959428512945465e+01,3.644933664903618364e+00,3.644933664903618364e+00,3.644933664903618364e+00,3.644933664903618364e+00,3.644933664903618364e+00,3.644933664903618364e+00,3.644933664903618364e+00,3.644933664903618364e+00,3.644933664903618364e+00,3.644933664903618364e+00,3.644933664903618364e+00,3.644933664903618364e+00
3.067613505143043540e+00,3.067613505143043540e+00,2.222399105025544941e+00,2.222399105025544941e+00,2.222399105025544941e+00,2.222399105025544941e+00,2.222399105025544941e+00,2.222399105025544941e+00,2.222399105025544941e+00,1.212689231481078878e+00,1.212689231481078878e+00,1.212689231481078878e+00,1.212689231481078878e+00,1.212689231481078878e+00,1.212689231481078878e+00,1.212689231481078878e+00,1.212689231481078878e+00,1.212689231481078878e+00,1.212689231481078878e+00,1.212689231481078878e+00,1.212689231481078878e+00
1.551413049639427300e+01,1.551413049639427300e+01,1.551413049639427300e+01,1.131471342982311512e+01,1.131471342982311512e+01,1.131471342982311512e+01,3.339313813812253784e+00,3.339313813812253784e+00,3.339313813812253784e+00,3.339313813812253784e+00,3.339313813812253784e+00,3.339313813812253784e+00,3.339313813812253784e+00,3.339313813812253784e+00,3.339313813812253784e+00,3.339313813812253784e+00,3.339313813812253784e+00,3.339313813812253784e+00,3.339313813812253784e+00,3.339313813812253784e+00,3.339313813812253784e+00
2.532226537349913542e+00,2.532226537349913542e+00,2.532226537349913542e+00,2.532226537349913542e+00,2.532226537349913542e+00,2.532226537349913542e+00,2.532226537349913542e+00,2.532226537349913542e+00,2.532226537349913542e+00,2.532226537349913542e+00,2.532226537349913542e+00,2.532226537349913542e+00,2.532226537349913542e+00,2.532226537349913542e+00,2.532226537349913542e+00,2.532226537349913542e+00,2.532226537349913542e+00,2.532226537349913542e+00,2.532226537349913542e+00,2.532226537349913542e+00,2.532226537349913542e+00
2.499512007542080028e+00,2.499512007542080028e+00,2.499512007542080028e+00,2.499512007542080028e+00,7.947487982572454257e-01,7.947487982572454257e-01,7.947487982572454257e-01,7.947487982572454257e-01,7.947487982572454257e-01,7.947487982572454257e-01,7.947487982572454257e-01,7.947487982572454257e-01,7.947487982572454257e-01,7.947487982572454257e-01,7.947487982572454257e-01,7.947487982572454257e-01,7.947487982572454257e-01,7.947487982572454257e-01,7.947487982572454257e-01,7.947487982572454257e-01,7.947487982572454257e-01
5.865096455221134875e-01,5.865096455221134875e-01,5.865096455221134875e-01,5.865096455221134875e-01,1.416037171895823121e-02,1.416037171895823121e-02,1.416037171895823121e-02,1.416037171895823121e-02,1.416037171895823121e-02,1.416037171895823121e-02,1.416037171895823121e-02,1.416037171895823121e-02,1.416037171895823121e-02,1.416037171895823121e-02,1.416037171895823121e-02,1.416037171895823121e-02,1.416037171895823121e-02,1.416037171895823121e-02,1.416037171895823121e-02,1.416037171895823121e-02,1.416037171895823121e-02
1.028825199428521842e+01,1.028825199428521842e+01,1.028825199428521842e+01,7.384902957957507397e+00,7.384902957957507397e+00,7.384902957957507397e+00,7.384902957957507397e+00,7.384902957957507397e+00,7.384902957957507397e+00,7.384902957957507397e+00,7.384902957957507397e+00,2.642926502702607650e+00,2.642926502702607650e+00,2.642926502702607650e+00,2.642926502702607650e+00,2.642926502702607650e+00,2.642926502702607650e+00,2.642926502702607650e+00,2.642926502702607650e+00,3.047502996619186888e-01,3.047502996619186888e-01
1.511124584903026857e+01,1.511124584903026857e+01,9.558240085855487678e+00,9.558240085855487678e+00,9.558240085855487678e+00,9.558240085855487678e+00,9.558240085855487678e+00,9.558240085855487678e+00,9.558240085855487678e+00,9.558240085855487678e+00,9.558240085855487678e+00,9.558240085855487678e+00,9.558240085855487678e+00,9.558240085855487678e+00,9.558240085855487678e+00,9.558240085855487678e+00,9.558240085855487678e+00,9.558240085855487678e+00,9.558240085855487678e+00,9.558240085855487678e+00,9.558240085855487678e+00
2.380412606450249768e+00,2.380412606450249768e+00,2.380412606450249768e+00,1.882602335607998612e+00,1.882602335607998612e+00,1.882602335607998612e+00,1.882602335607998612e+00,1.882602335607998612e+00,1.882602335607998612e+00,1.882602335607998612e+00,1.882602335607998612e+00,1.882602335607998612e+00,1.882602335607998612e+00,1.882602335607998612e+00,1.882602335607998612e+00,1.882602335607998612e+00,1.882602335607998612e+00,1.882602335607998612e+00,1.882602335607998612e+00,1.882602335607998612e+00,1.882602335607998612e+00
2.708285230052538850e+01,2.708285230052538850e+01,1.846277602433519860e+01,1.008319002576573098e+01,1.008319002576573098e+01,1.008319002576573098e+01,1.008319002576573098e+01,1.008319002576573098e+01,1.008319002576573098e+01,1.008319002576573098e+01,2.292800795346522591e+00,2.292800795346522591e+00,2.292800795346522591e+00,2.292800795346522591e+00,2.292800795346522591e+00,2.292800795346522591e+00,2.292800795346522591e+00,2.292800795346522591e+00,2.292800795346522591e+00,2.292800795346522591e+00,2.292800795346522591e+00
1.251566680872105053e+01,1.251566680872105053e+01,4.084915886508156291e+00,4.084915886508156291e+00,4.084915886508156291e+00,4.084915886508156291e+00,4.084915886508156291e+00,4.084915886508156291e+00,4.084915886508156291e+00,4.084915886508156291e+00,4.084915886508156291e+00,4.084915886508156291e+00,1.361179922452009805e+00,1.361179922452009805e+00,1.361179922452009805e+00,1.361179922452009805e+00,1.361179922452009805e+00,1.361179922452009805e+00,1.361179922452009805e+00,1.361179922452009805e+00,1.361179922452009805e+00
6.561466345229575836e+00,6.561466345229575836e+00,6.561466345229575836e+00,3.576142184474548458e+00,3.576142184474548458e+00,3.576142184474548458e+00,3.576142184474548458e+00,3.576142184474548458e+00,3.576142184474548458e+00,3.576142184474548458e+00,3.576142184474548458e+00,3.576142184474548458e+00,3.576142184474548458e+00,3.576142184474548458e+00,3.576142184474548458e+00,3.576142184474548458e+00,3.576142184474548458e+00,3.576142184474548458e+00,3.576142184474548458e+00,3.576142184474548458e+00,3.576142184474548458e+00
6.877875001534562216e+00,4.619418888690830727e+00,4.619418888690830727e+00,4.619418888690830727e+00,3.085219076364268176e+00,3.085219076364268176e+00,3.085219076364268176e+00,3.085219076364268176e+00,3.085219076364268176e+00,3.085219076364268176e+00,3.085219076364268176e+00,3.085219076364268176e+00,3.085219076364268176e+00,3.073514349599719253e+00,9.048990853656846411e-02,9.048990853656846411e-02,9.048990853656846411e-02,9.048990853656846411e-02,9.048990853656846411e-02,9.048990853656846411e-02,9.048990853656846411e-02
5.986996864018578890e-01,5.986996864018578890e-01,5.986996864018578890e-01,5.986996864018578890e-01,5.986996864018578890e-01,5.986996864018578890e-01,5.986996864018578890e-01,5.986996864018578890e-01,5.986996864018578890e-01,5.986996864018578890e-01,5.986996864018578890e-01,5.986996864018578890e-01,5.986996864018578890e-01,5.986996864018578890e-01,5.986996864018578890e-01,5.986996864018578890e-01,5.986996864018578890e-01,5.986996864018578890e-01,5.986996864018578890e-01,5.986996864018578890e-01,5.986996864018578890e-01
1.709089993163834720e+01,1.709089993163834720e+01,1.709089993163834720e+01,1.709089993163834720e+01,1.514163459705827108e+01,1.514163459705827108e+01,1.514163459705827108e+01,1.514163459705827108e+01,1.514163459705827108e+01,1.514163459705827108e+01,1.514163459705827108e+01,6.724380603166650872e+00,6.724380603166650872e+00,6.724380603166650872e+00,6.724380603166650872e+00,6.724380603166650872e+00,6.724380603166650872e+00,6.095616417205974358e+00,4.337882312067108614e+00,2.387751423098848136e+00,2.387751423098848136e+00
1.270306684876325676e+01,1.270306684876325676e+01,1.270306684876325676e+01,1.270306684876325676e+01,1.270306684876325676e+01,1.108938465495643300e+01,1.108938465495643300e+01,7.639491878589296903e+00,7.639491878589296903e+00,7.639491878589296903e+00,7.639491878589296903e+00,7.639491878589296903e+00,7.639491878589296903e+00,7.639491878589296903e+00,7.639491878589296903e+00,7.639491878589296903e+00,7.639491878589296903e+00,7.639491878589296903e+00,5.248523453249845261e+00,5.248523453249845261e+00,5.248523453249845261e+00
1.344761826701102336e+00,1.344761826701102336e+00,3.844081706189683700e-01,3.844081706189683700e-01,3.844081706189683700e-01,3.844081706189683700e-01,3.844081706189683700e-01,3.844081706189683700e-01,3.844081706189683700e-01,3.844081706189683700e-01,3.844081706189683700e-01,3.844081706189683700e-01,3.844081706189683700e-01,3.844081706189683700e-01,3.844081706189683700e-01,3.844081706189683700e-01,3.844081706189683700e-01,3.844081706189683700e-01,3.844081706189683700e-01,3.844081706189683700e-01,3.844081706189683700e-01
