1.513676229946355534e+01,1.513676229946355534e+01,1.513676229946355534e+01,1.513676229946355534e+01,1.513676229946355534e+01,1.513676229946355534e+01,4.652165287905617674e+00,4.652165287905617674e+00,4.652165287905617674e+00,4.652165287905617674e+00,4.652165287905617674e+00,4.652165287905617674e+00,4.652165287905617674e+00,4.652165287905617674e+00,4.652165287905617674e+00,4.652165287905617674e+00,4.652165287905617674e+00,2.038497374248791516e+00,2.038497374248791516e+00,2.038497374248791516e+00,2.038497374248791516e+00
1.948512006289873000e+01,1.948512006289873000e+01,1.890045712242688580e+01,1.890045712242688580e+01,1.890045712242688580e+01,1.890045712242688580e+01,1.890045712242688580e+01,8.640052597707182258e+00,8.640052597707182258e+00,8.640052597707182258e+00,8.640052597707182258e+00,8.640052597707182258e+00,1.580410224594658075e+00,1.580410224594658075e+00,1.580410224594658075e+00,1.580410224594658075e+00,1.580410224594658075e+00,1.580410224594658075e+00,1.580410224594658075e+00,1.580410224594658075e+00,1.580410224594658075e+00
6.802468539619837884e+00,6.802468539619837884e+00,6.802468539619837884e+00,2.702242699311739216e+00,2.702242699311739216e+00,2.702242699311739216e+00,2.539834335954395783e+00,2.539834335954395783e+00,1.370888720361904234e+00,1.370888720361904234e+00,1.370888720361904234e+00,1.370888720361904234e+00,1.370888720361904234e+00,1.370888720361904234e+00,1.370888720361904234e+00,1.370888720361904234e+00,1.370888720361904234e+00,1.370888720361904234e+00,1.370888720361904234e+00,1.370888720361904234e+00,1.370888720361904234e+00
1.434859887684804391e+01,1.434859887684804391e+01,1.434859887684804391e+01,1.434859887684804391e+01,1.434859887684804391e+01,1.434859887684804391e+01,1.434859887684804391e+01,6.590040027495035702e+00,8.719305893851299061e-01,8.719305893851299061e-01,8.719305893851299061e-01,8.719305893851299061e-01,8.719305893851299061e-01,8.719305893851299061e-01,8.719305893851299061e-01,8.719305893851299061e-01,8.719305893851299061e-01,8.719305893851299061e-01,8.719305893851299061e-01,8.719305893851299061e-01,8.719305893851299061e-01
3.067613505143029329e+00,3.067613505143029329e+00,2.501871234557540902e+00,2.501871234557540902e+00,2.501871234557540902e+00,2.501871234557540902e+00,2.501871234557540902e+00,2.501871234557540902e+00,2.501871234557540902e+00,1.955487957079995454e+00,1.955487957079995454e+00,1.955487957079995454e+00,1.955487957079995454e+00,1.955487957079995454e+00,1.955487957079995454e+00,1.955487957079995454e+00,1.955487957079995454e+00,1.955487957079995454e+00,1.955487957079995454e+00,1.955487957079995454e+00,1.955487957079995454e+00
1.551413049639427300e+01,1.551413049639427300e+01,1.551413049639427300e+01,8.569167238289793431e+00,8.569167238289793431e+00,8.569167238289793431e+00,8.569167238289793431e+00,8.569167238289793431e+00,8.569167238289793431e+00,8.569167238289793431e+00,8.569167238289793431e+00,8.569167238289793431e+00,6.458776478134041099e+00,6.458776478134041099e+00,6.034600022380288920e+00,6.034600022380288920e+00,6.034600022380288920e+00,6.034600022380288920e+00,6.034600022380288920e+00,6.034600022380288920e+00,6.034600022380288920e+00
2.532226537349927753e+00,2.532226537349927753e+00,2.532226537349927753e+00,2.532226537349927753e+00,2.532226537349927753e+00,2.532226537349927753e+00,2.532226537349927753e+00,2.532226537349927753e+00,2.532226537349927753e+00,2.532226537349927753e+00,2.532226537349927753e+00,2.532226537349927753e+00,2.532226537349927753e+00,2.532226537349927753e+00,2.532226537349927753e+00,2.532226537349927753e+00,2.532226537349927753e+00,2.532226537349927753e+00,2.532226537349927753e+00,2.532226537349927753e+00,2.532226537349927753e+00
2.499512007542094238e+00,2.499512007542094238e+00,2.499512007542094238e+00,2.499512007542094238e+00,1.005719352223579222e+00,1.005719352223579222e+00,1.005719352223579222e+00,1.005719352223579222e+00,1.005719352223579222e+00,1.005719352223579222e+00,1.005719352223579222e+00,1.005719352223579222e+00,1.005719352223579222e+00,1.005719352223579222e+00,1.005719352223579222e+00,1.005719352223579222e+00,1.005719352223579222e+00,1.005719352223579222e+00,1.005719352223579222e+00,1.005719352223579222e+00,1.005719352223579222e+00
5.865096455221276983e-01,5.865096455221276983e-01,5.865096455221276983e-01,5.212725548246623930e-01,5.212725548246623930e-01,1.985658474470426427e-01,1.985658474470426427e-01,1.985658474470426427e-01,1.985658474470426427e-01,1.985658474470426427e-01,1.985658474470426427e-01,1.985658474470426427e-01,1.985658474470426427e-01,1.985658474470426427e-01,1.985658474470426427e-01,1.985658474470426427e-01,1.985658474470426427e-01,1.985658474470426427e-01,1.985658474470426427e-01,1.985658474470426427e-01,1.985658474470426427e-01
1.028825199428523263e+01,1.028825199428523263e+01,1.028825199428523263e+01,7.593651895138549435e+00,7.593651895138549435e+00,7.593651895138549435e+00,7.593651895138549435e+00,7.593651895138549435e+00,7.593651895138549435e+00,7.593651895138549435e+00,7.593651895138549435e+00,3.255257368088990688e-01,3.255257368088990688e-01,3.255257368088990688e-01,3.255257368088990688e-01,3.255257368088990688e-01,3.255257368088990688e-01,3.255257368088990688e-01,3.255257368088990688e-01,3.255257368088990688e-01,5.241431225421422369e-02
1.511124584903026857e+01,1.511124584903026857e+01,1.088752120882830354e+01,1.088752120882830354e+01,1.088752120882830354e+01,1.088752120882830354e+01,1.088752120882830354e+01,1.088752120882830354e+01,1.088752120882830354e+01,1.088752120882830354e+01,1.088752120882830354e+01,1.088752120882830354e+01,1.088752120882830354e+01,1.088752120882830354e+01,1.088752120882830354e+01,1.088752120882830354e+01,1.088752120882830354e+01,1.088752120882830354e+01,3.405498018043317643e+00,3.405498018043317643e+00,3.405498018043317643e+00
2.380412606450263979e+00,2.380412606450263979e+00,2.380412606450263979e+00,2.012734306169264187e+00,2.012734306169264187e+00,2.012734306169264187e+00,2.012734306169264187e+00,1.680481190453008367e+00,1.680481190453008367e+00,1.680481190453008367e+00,1.680481190453008367e+00,1.680481190453008367e+00,1.680481190453008367e+00,1.680481190453008367e+00,1.680481190453008367e+00,1.680481190453008367e+00,1.680481190453008367e+00,1.680481190453008367e+00,1.680481190453008367e+00,1.680481190453008367e+00,1.680481190453008367e+00
2.708285230052538850e+01,2.314796679574658356e+01,2.314796679574658356e+01,1.342045404322118429e+01,1.342045404322118429e+01,6.274991555209680882e+00,6.274991555209680882e+00,6.274991555209680882e+00,6.274991555209680882e+00,6.274991555209680882e+00,6.274991555209680882e+00,4.084946790310070242e+00,4.084946790310070242e+00,4.084946790310070242e+00,4.084946790310070242e+00,4.084946790310070242e+00,4.084946790310070242e+00,1.908957338345373955e+00,1.908957338345373955e+00,8.801586880300931170e-01,8.801586880300931170e-01
1.251566680872103632e+01,1.251566680872103632e+01,5.744640971116396599e+00,5.744640971116396599e+00,5.744640971116396599e+00,5.744640971116396599e+00,5.744640971116396599e+00,5.744640971116396599e+00,5.744640971116396599e+00,5.744640971116396599e+00,5.744640971116396599e+00,2.748030673464853635e+00,2.550956361659615368e+00,2.550956361659615368e+00,2.550956361659615368e+00,2.550956361659615368e+00,2.550956361659615368e+00,2.550956361659615368e+00,2.550956361659615368e+00,2.550956361659615368e+00,1.401940348249524959e+00
6.561466345229590047e+00,6.561466345229590047e+00,6.561466345229590047e+00,5.168759954659805089e+00,5.168759954659805089e+00,5.168759954659805089e+00,5.168759954659805089e+00,5.168759954659805089e+00,5.168759954659805089e+00,5.168759954659805089e+00,5.168759954659805089e+00,5.168759954659805089e+00,5.168759954659805089e+00,5.168759954659805089e+00,5.168759954659805089e+00,5.168759954659805089e+00,5.168759954659805089e+00,5.168759954659805089e+00,5.168759954659805089e+00,5.168759954659805089e+00,5.168759954659805089e+00
6.877875001534548005e+00,4.767713618620845750e+00,4.767713618620845750e+00,4.767713618620845750e+00,3.608324521486366621e+00,3.608324521486366621e+00,3.608324521486366621e+00,3.608324521486366621e+00,3.608324521486366621e+00,3.608324521486366621e+00,3.608324521486366621e+00,3.608324521486366621e+00,3.608324521486366621e+00,3.608324521486366621e+00,3.608324521486366621e+00,9.539553698642748714e-01,4.129049755781153408e-01,4.129049755781153408e-01,6.117269890707177638e-02,6.117269890707177638e-02,6.117269890707177638e-02
5.986996864018436781e-01,5.986996864018436781e-01,5.986996864018436781e-01,5.986996864018436781e-01,5.986996864018436781e-01,5.986996864018436781e-01,5.986996864018436781e-01,5.986996864018436781e-01,5.986996864018436781e-01,5.986996864018436781e-01,5.986996864018436781e-01,5.986996864018436781e-01,5.986996864018436781e-01,5.986996864018436781e-01,5.986996864018436781e-01,5.986996864018436781e-01,5.986996864018436781e-01,5.986996864018436781e-01,5.986996864018436781e-01,5.986996864018436781e-01,5.986996864018436781e-01
1.709089993163834720e+01,1.709089993163834720e+01,1.709089993163834720e+01,1.709089993163834720e+01,1.419140567260649277e+01,1.419140567260649277e+01,1.419140567260649277e+01,1.419140567260649277e+01,1.419140567260649277e+01,1.419140567260649277e+01,1.419140567260649277e+01,1.419140567260649277e+01,1.419140567260649277e+01,1.419140567260649277e+01,1.419140567260649277e+01,1.419140567260649277e+01,1.419140567260649277e+01,6.724547214688513463e+00,4.191714740659421068e+00,4.191714740659421068e+00,4.191714740659421068e+00
1.270306684876325676e+01,1.270306684876325676e+01,1.270306684876325676e+01,1.270306684876325676e+01,1.270306684876325676e+01,1.120001665837612848e+01,1.120001665837612848e+01,1.120001665837612848e+01,1.120001665837612848e+01,1.120001665837612848e+01,1.030131050793572456e+01,1.030131050793572456e+01,1.030131050793572456e+01,1.030131050793572456e+01,1.030131050793572456e+01,1.030131050793572456e+01,1.030131050793572456e+01,1.030131050793572456e+01,6.611572147200334371e+00,6.611572147200334371e+00,6.611572147200334371e+00
1.344761826701116547e+00,1.344761826701116547e+00,3.111133323898229719e-02,3.111133323898229719e-02,3.111133323898229719e-02,3.111133323898229719e-02,3.111133323898229719e-02,3.111133323898229719e-02,3.111133323898229719e-02,3.111133323898229719e-02,3.111133323898229719e-02,3.111133323898229719e-02,3.111133323898229719e-02,3.111133323898229719e-02,3.111133323898229719e-02,3.111133323898229719e-02,3.111133323898229719e-02,3.111133323898229719e-02,3.111133323898229719e-02,3.111133323898229719e-02,3.111133323898229719e-02
