1.513676229946356067e+01,1.082225910052642881e+01,5.673138238132028555e+00,4.173120699346711149e+00,4.173120699346711149e+00,3.007989837691252166e+00,3.007989837691252166e+00,2.362700959181917248e+00,7.663154539967167445e-01,7.020067455049663341e-01,7.020067455049663341e-01,7.020067455049663341e-01,7.020067455049663341e-01,7.020067455049663341e-01,7.020067455049663341e-01,1.140225067255368485e-01,1.140225067255368485e-01,1.140225067255368485e-01,1.140225067255368485e-01,1.140225067255368485e-01,1.140225067255368485e-01
1.948512006289873000e+01,1.948512006289873000e+01,8.095412126732918878e+00,1.885168358044478021e+00,1.885168358044478021e+00,1.885168358044478021e+00,1.579398058076316946e+00,1.579398058076316946e+00,1.579398058076316946e+00,1.579398058076316946e+00,1.579398058076316946e+00,1.579398058076316946e+00,1.459365887756943536e+00,1.459365887756943536e+00,1.459365887756943536e+00,1.254845464472007288e+00,1.254845464472007288e+00,1.254845464472007288e+00,1.254845464472007288e+00,1.254845464472007288e+00,1.230287511862777849e+00
6.802468539619835219e+00,3.820332809305137189e+00,7.048346199793491529e-01,7.048346199793491529e-01,7.048346199793491529e-01,1.811778257908453760e-01,1.811778257908453760e-01,1.811778257908453760e-01,1.811778257908453760e-01,1.811778257908453760e-01,1.470117423087293484e-01,1.470117423087293484e-01,1.319632455899377166e-01,8.775718256982598109e-02,8.775718256982598109e-02,8.775718256982598109e-02,8.775718256982598109e-02,8.775718256982598109e-02,8.775718256982598109e-02,8.775718256982598109e-02,8.775718256982598109e-02
1.434859887684804924e+01,1.434859887684804924e+01,1.305182541797293005e+01,1.029813936376515304e+00,1.029813936376515304e+00,9.988217825794073468e-01,9.988217825794073468e-01,9.988217825794073468e-01,9.988217825794073468e-01,9.988217825794073468e-01,9.988217825794073468e-01,9.988217825794073468e-01,9.988217825794073468e-01,9.988217825794073468e-01,9.988217825794073468e-01,8.686547078313402448e-01,8.686547078313402448e-01,2.884842516894661757e-01,2.884842516894661757e-01,2.732660545686824705e-01,2.732660545686824705e-01
3.067613505143035102e+00,3.067613505143035102e+00,3.067613505143035102e+00,3.067613505143035102e+00,1.441191035894214378e+00,1.441191035894214378e+00,1.441191035894214378e+00,1.441191035894214378e+00,1.441191035894214378e+00,1.441191035894214378e+00,1.441191035894214378e+00,1.441191035894214378e+00,1.441191035894214378e+00,1.441191035894214378e+00,1.441191035894214378e+00,1.441191035894214378e+00,1.441191035894214378e+00,1.441191035894214378e+00,1.814113258273738344e-02,1.589443854337879020e-02,1.589443854337879020e-02
1.551413049639426944e+01,1.165910748852454759e+01,8.265374712286961412e+00,6.265123089563974901e+00,3.397172055408380409e+00,3.397172055408380409e+00,2.720751888933051532e+00,2.720751888933051532e+00,2.720751888933051532e+00,2.720751888933051532e+00,2.720751888933051532e+00,2.720751888933051532e+00,1.578800327502749345e+00,1.578800327502749345e+00,1.578800327502749345e+00,1.578800327502749345e+00,1.578800327502749345e+00,1.578800327502749345e+00,1.578800327502749345e+00,1.578800327502749345e+00,1.493457871886541000e+00
2.532226537349921536e+00,2.532226537349921536e+00,1.386395685194596439e+00,1.386395685194596439e+00,1.386395685194596439e+00,1.386395685194596439e+00,1.386395685194596439e+00,1.386395685194596439e+00,1.386395685194596439e+00,1.386395685194596439e+00,1.386395685194596439e+00,1.386395685194596439e+00,1.386395685194596439e+00,1.386395685194596439e+00,1.386395685194596439e+00,1.386395685194596439e+00,1.386395685194596439e+00,1.386395685194596439e+00,1.386395685194596439e+00,1.386395685194596439e+00,1.386395685194596439e+00
2.499512007542088909e+00,1.343846742813388673e+00,4.160640604480367877e-01,4.134963781937098237e-01,4.134963781937098237e-01,4.134963781937098237e-01,4.134963781937098237e-01,4.134963781937098237e-01,4.134963781937098237e-01,4.134963781937098237e-01,4.134963781937098237e-01,4.134963781937098237e-01,4.134963781937098237e-01,1.549007695437324972e-01,1.549007695437324972e-01,1.549007695437324972e-01,1.549007695437324972e-01,1.549007695437324972e-01,1.549007695437324972e-01,1.549007695437324972e-01,1.549007695437324972e-01
5.865096455221217031e-01,5.865096455221217031e-01,5.865096455221217031e-01,5.865096455221217031e-01,3.868617434819771050e-01,1.651171358804355838e-01,1.651171358804355838e-01,1.651171358804355838e-01,1.651171358804355838e-01,1.651171358804355838e-01,1.651171358804355838e-01,1.651171358804355838e-01,1.651171358804355838e-01,6.601785157814281380e-02,6.601785157814281380e-02,6.601785157814281380e-02,6.601785157814281380e-02,6.601785157814281380e-02,6.601785157814281380e-02,6.601785157814281380e-02,6.601785157814281380e-02
1.028825199428522907e+01,1.028825199428522907e+01,8.032020709851980911e+00,2.827181089497554645e+00,2.827181089497554645e+00,2.827181089497554645e+00,1.056300464531831462e+00,1.056300464531831462e+00,1.056300464531831462e+00,1.056300464531831462e+00,1.056300464531831462e+00,1.056300464531831462e+00,3.166818724130597840e-01,3.166818724130597840e-01,3.166818724130597840e-01,3.166818724130597840e-01,3.166818724130597840e-01,3.166818724130597840e-01,2.900776863251396387e-01,2.900776863251396387e-01,2.900776863251396387e-01
1.511124584903027213e+01,1.291701187671900541e+01,7.258331555962084458e+00,3.153615586547357630e+00,1.795711870827972678e+00,1.795711870827972678e+00,3.272340829335239620e-01,3.272340829335239620e-01,3.272340829335239620e-01,3.272340829335239620e-01,3.272340829335239620e-01,3.272340829335239620e-01,3.272340829335239620e-01,3.272340829335239620e-01,3.272340829335239620e-01,5.411510530768669225e-02,5.411510530768669225e-02,5.411510530768669225e-02,5.411510530768669225e-02,5.411510530768669225e-02,1.691810211995679186e-02
2.380412606450262647e+00,1.389419016854861688e+00,7.732237073473587907e-01,7.732237073473587907e-01,7.732237073473587907e-01,7.732237073473587907e-01,7.732237073473587907e-01,5.087479646555452817e-01,5.087479646555452817e-01,5.087479646555452817e-01,3.984985120144890480e-01,3.984985120144890480e-01,3.984985120144890480e-01,3.984985120144890480e-01,3.984985120144890480e-01,3.984985120144890480e-01,1.382022073471555479e-01,2.495797262473845729e-02,2.495797262473845729e-02,2.495797262473845729e-02,2.495797262473845729e-02
2.708285230052538495e+01,2.708285230052538495e+01,1.774199594300490190e+01,8.052560806510893343e+00,8.052560806510893343e+00,2.516179781994871245e+00,2.121270225294372924e+00,2.121270225294372924e+00,2.121270225294372924e+00,2.121270225294372924e+00,2.121270225294372924e+00,2.121270225294372924e+00,2.121270225294372924e+00,1.989410499810170041e+00,1.989410499810170041e+00,1.989410499810170041e+00,1.989410499810170041e+00,1.989410499810170041e+00,1.989410499810170041e+00,1.989410499810170041e+00,1.989410499810170041e+00
1.251566680872103809e+01,1.068707995685161016e+01,9.791188717536046582e+00,4.775489439314212881e+00,1.664459916599171807e+00,8.863891688053571194e-01,8.863891688053571194e-01,8.863891688053571194e-01,8.863891688053571194e-01,8.863891688053571194e-01,8.863891688053571194e-01,8.863891688053571194e-01,8.863891688053571194e-01,4.922004553995107390e-01,4.922004553995107390e-01,2.152432285910745036e-01,2.152432285910745036e-01,2.152432285910745036e-01,2.152432285910745036e-01,5.392053703857938030e-02,5.392053703857938030e-02
6.561466345229590047e+00,6.561466345229590047e+00,6.217530077258042631e+00,6.217530077258042631e+00,6.217530077258042631e+00,4.829478060143707729e+00,3.909403782834291796e+00,2.359667470796335209e+00,1.851327772218095635e+00,3.660626976281292633e-01,3.660626976281292633e-01,3.660626976281292633e-01,3.660626976281292633e-01,3.660626976281292633e-01,3.660626976281292633e-01,9.376129634425925397e-02,9.376129634425925397e-02,9.376129634425925397e-02,9.376129634425925397e-02,9.376129634425925397e-02,9.376129634425925397e-02
6.877875001534549781e+00,3.348724105765058301e+00,2.265252197498734521e+00,2.265252197498734521e+00,1.497289421102902862e+00,1.497289421102902862e+00,1.497289421102902862e+00,1.497289421102902862e+00,1.281058419692469696e+00,1.281058419692469696e+00,1.281058419692469696e+00,2.372651757624008595e-01,2.372651757624008595e-01,2.372651757624008595e-01,2.372651757624008595e-01,2.372651757624008595e-01,2.372651757624008595e-01,2.372651757624008595e-01,5.460667514489090518e-02,5.460667514489090518e-02,5.460667514489090518e-02
5.986996864018441222e-01,5.986996864018441222e-01,5.986996864018441222e-01,4.170214740296727673e-01,4.170214740296727673e-01,4.170214740296727673e-01,8.389994815894230573e-02,8.389994815894230573e-02,8.389994815894230573e-02,8.389994815894230573e-02,8.389994815894230573e-02,8.389994815894230573e-02,8.389994815894230573e-02,8.389994815894230573e-02,8.389994815894230573e-02,8.389994815894230573e-02,8.389994815894230573e-02,8.389994815894230573e-02,8.389994815894230573e-02,8.389994815894230573e-02,8.389994815894230573e-02
1.709089993163834009e+01,1.456141547208510190e+01,2.510659021538762747e+00,2.510659021538762747e+00,2.510659021538762747e+00,2.510659021538762747e+00,2.510659021538762747e+00,1.951997100561005505e+00,1.951997100561005505e+00,1.951997100561005505e+00,1.951997100561005505e+00,1.951997100561005505e+00,1.951997100561005505e+00,1.951997100561005505e+00,1.951997100561005505e+00,1.951997100561005505e+00,1.951997100561005505e+00,1.951997100561005505e+00,1.951997100561005505e+00,1.951997100561005505e+00,1.888262293070154030e+00
1.270306684876325498e+01,1.270306684876325498e+01,9.385588696447110024e+00,3.910116702459220939e+00,1.782413494874957705e+00,1.782413494874957705e+00,1.782413494874957705e+00,5.010722291263045580e-01,5.010722291263045580e-01,2.690464850604376013e-01,2.690464850604376013e-01,2.690464850604376013e-01,2.690464850604376013e-01,2.690464850604376013e-01,2.690464850604376013e-01,5.422769432055385419e-02,5.422769432055385419e-02,5.422769432055385419e-02,5.422769432055385419e-02,5.422769432055385419e-02,5.422769432055385419e-02
1.344761826701116325e+00,1.344761826701116325e+00,6.192297129056933969e-01,6.192297129056933969e-01,3.394393300767968302e-01,3.394393300767968302e-01,3.394393300767968302e-01,3.394393300767968302e-01,3.394393300767968302e-01,3.394393300767968302e-01,3.394393300767968302e-01,3.394393300767968302e-01,3.394393300767968302e-01,5.496866947454064067e-02,5.496866947454064067e-02,5.496866947454064067e-02,5.496866947454064067e-02,5.496866947454064067e-02,5.496866947454064067e-02,5.496866947454064067e-02,5.496866947454064067e-02
