1.513676229946361218e+01,1.513676229946361218e+01,1.513676229946361218e+01,1.513676229946361218e+01,1.513676229946361218e+01,1.513676229946361218e+01,1.770835791031913686e+00,1.770835791031913686e+00,1.770835791031913686e+00,1.770835791031913686e+00,1.770835791031913686e+00,1.770835791031913686e+00,1.770835791031913686e+00,1.770835791031913686e+00,1.770835791031913686e+00,1.770835791031913686e+00,1.770835791031913686e+00,1.770835791031913686e+00,1.770835791031913686e+00,1.770835791031913686e+00,1.770835791031913686e+00
1.948512006289877263e+01,1.913257460853901648e+01,1.913257460853901648e+01,1.913257460853901648e+01,1.913257460853901648e+01,1.913257460853901648e+01,1.345154582014674816e+01,1.345154582014674816e+01,1.345154582014674816e+01,1.345154582014674816e+01,1.345154582014674816e+01,3.627954499542056510e+00,3.627954499542056510e+00,3.627954499542056510e+00,3.627954499542056510e+00,3.627954499542056510e+00,3.627954499542056510e+00,3.627954499542056510e+00,3.627954499542056510e+00,3.627954499542056510e+00,3.627954499542056510e+00
6.802468539619781041e+00,6.802468539619781041e+00,6.802468539619781041e+00,6.802468539619781041e+00,6.802468539619781041e+00,1.972071886969956722e+00,1.972071886969956722e+00,1.972071886969956722e+00,1.972071886969956722e+00,1.972071886969956722e+00,1.972071886969956722e+00,1.972071886969956722e+00,1.972071886969956722e+00,1.972071886969956722e+00,1.972071886969956722e+00,1.972071886969956722e+00,8.416700132302139536e-01,8.416700132302139536e-01,8.416700132302139536e-01,8.416700132302139536e-01,8.416700132302139536e-01
1.434859887684808655e+01,1.204700475143988569e+01,1.204700475143988569e+01,1.204700475143988569e+01,1.204700475143988569e+01,1.204700475143988569e+01,1.204700475143988569e+01,1.204700475143988569e+01,1.204700475143988569e+01,1.204700475143988569e+01,1.204700475143988569e+01,1.204700475143988569e+01,9.456836023116807155e+00,9.456836023116807155e+00,9.456836023116807155e+00,9.456836023116807155e+00,9.456836023116807155e+00,9.456836023116807155e+00,9.456836023116807155e+00,3.030621637199487850e+00,3.030621637199487850e+00
3.067613505143071961e+00,3.067613505143071961e+00,1.885580452207705093e+00,1.885580452207705093e+00,1.885580452207705093e+00,1.885580452207705093e+00,1.885580452207705093e+00,1.885580452207705093e+00,1.885580452207705093e+00,1.885580452207705093e+00,1.885580452207705093e+00,1.885580452207705093e+00,1.885580452207705093e+00,1.885580452207705093e+00,1.885580452207705093e+00,1.885580452207705093e+00,1.885580452207705093e+00,1.885580452207705093e+00,5.042042538528903606e-01,5.042042538528903606e-01,5.042042538528903606e-01
1.551413049639427300e+01,1.551413049639427300e+01,1.049414649256925713e+01,1.049414649256925713e+01,1.049414649256925713e+01,1.049414649256925713e+01,2.770523489296692787e+00,2.770523489296692787e+00,2.770523489296692787e+00,2.770523489296692787e+00,2.770523489296692787e+00,2.770523489296692787e+00,2.770523489296692787e+00,2.770523489296692787e+00,2.770523489296692787e+00,2.770523489296692787e+00,2.770523489296692787e+00,7.033428697113777162e-01,7.033428697113777162e-01,7.033428697113777162e-01,7.033428697113777162e-01
2.532226537349970386e+00,2.532226537349970386e+00,2.532226537349970386e+00,2.532226537349970386e+00,2.532226537349970386e+00,2.532226537349970386e+00,2.532226537349970386e+00,2.532226537349970386e+00,2.532226537349970386e+00,2.532226537349970386e+00,2.532226537349970386e+00,2.532226537349970386e+00,2.532226537349970386e+00,2.532226537349970386e+00,2.532226537349970386e+00,2.532226537349970386e+00,2.532226537349970386e+00,2.532226537349970386e+00,2.532226537349970386e+00,2.532226537349970386e+00,2.532226537349970386e+00
2.499512007542080028e+00,2.499512007542080028e+00,2.499512007542080028e+00,2.499512007542080028e+00,2.499512007542080028e+00,2.499512007542080028e+00,2.499512007542080028e+00,2.499512007542080028e+00,2.499512007542080028e+00,2.499512007542080028e+00,2.499512007542080028e+00,2.499512007542080028e+00,2.499512007542080028e+00,2.499512007542080028e+00,2.499512007542080028e+00,2.499512007542080028e+00,2.499512007542080028e+00,2.499512007542080028e+00,2.499512007542080028e+00,2.499512007542080028e+00,2.499512007542080028e+00
5.865096455221419092e-01,5.865096455221419092e-01,5.865096455221419092e-01,5.865096455221419092e-01,5.865096455221419092e-01,5.865096455221419092e-01,5.865096455221419092e-01,5.865096455221419092e-01,5.865096455221419092e-01,5.865096455221419092e-01,5.865096455221419092e-01,5.865096455221419092e-01,5.865096455221419092e-01,5.865096455221419092e-01,5.865096455221419092e-01,5.865096455221419092e-01,5.865096455221419092e-01,5.865096455221419092e-01,5.865096455221419092e-01,5.865096455221419092e-01,5.865096455221419092e-01
1.028825199428524684e+01,1.028825199428524684e+01,1.028825199428524684e+01,2.546981410272451285e+00,2.546981410272451285e+00,2.546981410272451285e+00,2.546981410272451285e+00,2.546981410272451285e+00,1.925325031129546005e+00,1.925325031129546005e+00,1.925325031129546005e+00,1.925325031129546005e+00,1.925325031129546005e+00,1.925325031129546005e+00,1.925325031129546005e+00,1.925325031129546005e+00,1.925325031129546005e+00,1.925325031129546005e+00,1.925325031129546005e+00,1.925325031129546005e+00,1.925325031129546005e+00
1.511124584903029699e+01,1.511124584903029699e+01,4.528516825755104946e+00,4.528516825755104946e+00,4.528516825755104946e+00,4.528516825755104946e+00,4.528516825755104946e+00,4.528516825755104946e+00,4.528516825755104946e+00,4.528516825755104946e+00,4.528516825755104946e+00,4.528516825755104946e+00,4.528516825755104946e+00,4.528516825755104946e+00,4.528516825755104946e+00,4.528516825755104946e+00,4.528516825755104946e+00,4.528516825755104946e+00,4.528516825755104946e+00,4.528516825755104946e+00,4.528516825755104946e+00
2.380412606450249768e+00,2.380412606450249768e+00,2.380412606450249768e+00,2.380412606450249768e+00,2.380412606450249768e+00,2.380412606450249768e+00,1.811091133880836423e+00,1.811091133880836423e+00,1.811091133880836423e+00,1.811091133880836423e+00,1.811091133880836423e+00,1.811091133880836423e+00,1.811091133880836423e+00,1.811091133880836423e+00,1.811091133880836423e+00,1.811091133880836423e+00,1.811091133880836423e+00,1.811091133880836423e+00,1.811091133880836423e+00,1.811091133880836423e+00,1.811091133880836423e+00
2.708285230052547377e+01,2.708285230052547377e+01,4.874331809668888127e+00,4.761429271055703794e-01,4.761429271055703794e-01,4.761429271055703794e-01,4.761429271055703794e-01,4.761429271055703794e-01,4.761429271055703794e-01,4.761429271055703794e-01,4.761429271055703794e-01,4.761429271055703794e-01,4.761429271055703794e-01,4.761429271055703794e-01,4.761429271055703794e-01,4.761429271055703794e-01,4.761429271055703794e-01,4.761429271055703794e-01,4.761429271055703794e-01,4.761429271055703794e-01,4.761429271055703794e-01
1.251566680872099369e+01,1.251566680872099369e+01,1.251566680872099369e+01,1.251566680872099369e+01,1.251566680872099369e+01,1.251566680872099369e+01,1.251566680872099369e+01,1.212042736110822716e+01,1.033993687601082456e+01,1.033993687601082456e+01,1.033993687601082456e+01,3.311527205170364141e+00,3.311527205170364141e+00,3.311527205170364141e+00,3.311527205170364141e+00,3.311527205170364141e+00,3.311527205170364141e+00,3.311527205170364141e+00,3.311527205170364141e+00,3.311527205170364141e+00,3.311527205170364141e+00
6.561466345229632680e+00,6.561466345229632680e+00,6.561466345229632680e+00,2.929634903268606649e+00,2.929634903268606649e+00,2.929634903268606649e+00,2.929634903268606649e+00,2.929634903268606649e+00,2.929634903268606649e+00,2.929634903268606649e+00,2.929634903268606649e+00,2.929634903268606649e+00,2.929634903268606649e+00,2.929634903268606649e+00,2.929634903268606649e+00,2.929634903268606649e+00,2.929634903268606649e+00,2.929634903268606649e+00,2.929634903268606649e+00,2.929634903268606649e+00,2.929634903268606649e+00
6.877875001534562216e+00,5.782856705975632394e+00,5.782856705975632394e+00,4.240594193574906967e-01,4.240594193574906967e-01,4.240594193574906967e-01,4.240594193574906967e-01,4.240594193574906967e-01,4.240594193574906967e-01,4.240594193574906967e-01,4.240594193574906967e-01,4.240594193574906967e-01,4.240594193574906967e-01,4.240594193574906967e-01,4.240594193574906967e-01,4.240594193574906967e-01,4.240594193574906967e-01,4.240594193574906967e-01,4.240594193574906967e-01,4.240594193574906967e-01,4.240594193574906967e-01
5.986996864018010456e-01,5.986996864018010456e-01,5.986996864018010456e-01,5.986996864018010456e-01,5.986996864018010456e-01,5.986996864018010456e-01,5.986996864018010456e-01,5.986996864018010456e-01,5.986996864018010456e-01,5.986996864018010456e-01,5.986996864018010456e-01,5.986996864018010456e-01,5.986996864018010456e-01,5.986996864018010456e-01,5.986996864018010456e-01,5.986996864018010456e-01,5.986996864018010456e-01,5.986996864018010456e-01,5.986996864018010456e-01,5.986996864018010456e-01,5.986996864018010456e-01
1.709089993163831878e+01,1.709089993163831878e+01,1.709089993163831878e+01,9.627635848305772015e+00,9.627635848305772015e+00,9.627635848305772015e+00,9.627635848305772015e+00,9.627635848305772015e+00,9.627635848305772015e+00,9.627635848305772015e+00,9.627635848305772015e+00,9.627635848305772015e+00,9.627635848305772015e+00,9.627635848305772015e+00,9.627635848305772015e+00,1.942963268471544325e+00,1.942963268471544325e+00,1.942963268471544325e+00,1.942963268471544325e+00,1.942963268471544325e+00,1.232165604428473671e+00
1.270306684876322834e+01,9.987481564504264497e+00,9.987481564504264497e+00,8.076091428429322150e+00,8.076091428429322150e+00,8.076091428429322150e+00,8.076091428429322150e+00,8.076091428429322150e+00,8.076091428429322150e+00,8.076091428429322150e+00,8.076091428429322150e+00,8.076091428429322150e+00,8.076091428429322150e+00,8.076091428429322150e+00,8.076091428429322150e+00,8.076091428429322150e+00,8.076091428429322150e+00,8.076091428429322150e+00,6.728249522680812333e+00,6.728249522680812333e+00,6.728249522680812333e+00
1.344761826701073915e+00,1.344761826701073915e+00,1.344761826701073915e+00,1.344761826701073915e+00,1.344761826701073915e+00,1.344761826701073915e+00,6.032957005921844029e-01,6.032957005921844029e-01,6.032957005921844029e-01,6.032957005921844029e-01,6.032957005921844029e-01,6.032957005921844029e-01,6.032957005921844029e-01,6.032957005921844029e-01,6.032957005921844029e-01,6.032957005921844029e-01,6.032957005921844029e-01,6.032957005921844029e-01,6.032957005921844029e-01,6.032957005921844029e-01,6.032957005921844029e-01
