1.513676229946355534e+01,1.513676229946355534e+01,1.513676229946355534e+01,1.513676229946355534e+01,1.513676229946355534e+01,1.513676229946355534e+01,5.626799288136012933e+00,5.626799288136012933e+00,5.626799288136012933e+00,5.626799288136012933e+00,5.626799288136012933e+00,5.626799288136012933e+00,5.626799288136012933e+00,5.626799288136012933e+00,5.626799288136012933e+00,5.626799288136012933e+00,5.626799288136012933e+00,5.626799288136012933e+00,5.626799288136012933e+00,3.160441508228473140e-03,3.160441508228473140e-03
1.948512006289873000e+01,1.948512006289873000e+01,1.883541508850908031e+01,1.883541508850908031e+01,1.883541508850908031e+01,1.883541508850908031e+01,1.883541508850908031e+01,1.186032884735750770e+01,1.194242605396311774e-02,1.194242605396311774e-02,1.194242605396311774e-02,1.194242605396311774e-02,1.194242605396311774e-02,1.194242605396311774e-02,1.194242605396311774e-02,1.194242605396311774e-02,1.194242605396311774e-02,1.194242605396311774e-02,1.194242605396311774e-02,1.194242605396311774e-02,1.194242605396311774e-02
6.802468539619837884e+00,6.802468539619837884e+00,6.802468539619837884e+00,3.144010531124706631e+00,3.144010531124706631e+00,3.144010531124706631e+00,2.710452103483660835e+00,2.710452103483660835e+00,2.710452103483660835e+00,2.710452103483660835e+00,9.497047840120984574e-01,9.497047840120984574e-01,9.497047840120984574e-01,9.497047840120984574e-01,9.497047840120984574e-01,9.497047840120984574e-01,9.497047840120984574e-01,9.497047840120984574e-01,9.497047840120984574e-01,9.497047840120984574e-01,9.497047840120984574e-01
1.434859887684804391e+01,1.430995956123602753e+01,1.430995956123602753e+01,1.430995956123602753e+01,1.430995956123602753e+01,1.430995956123602753e+01,1.430995956123602753e+01,1.430995956123602753e+01,9.158830944323469225e+00,3.834137481540736303e+00,3.834137481540736303e+00,3.834137481540736303e+00,3.834137481540736303e+00,3.834137481540736303e+00,3.834137481540736303e+00,3.834137481540736303e+00,3.834137481540736303e+00,3.834137481540736303e+00,3.834137481540736303e+00,3.834137481540736303e+00,3.834137481540736303e+00
3.067613505143029329e+00,3.067613505143029329e+00,1.846215370333723627e+00,1.846215370333723627e+00,1.846215370333723627e+00,1.846215370333723627e+00,1.846215370333723627e+00,1.846215370333723627e+00,1.551128969344546249e+00,1.551128969344546249e+00,1.551128969344546249e+00,1.551128969344546249e+00,1.551128969344546249e+00,1.551128969344546249e+00,1.551128969344546249e+00,1.551128969344546249e+00,1.551128969344546249e+00,1.551128969344546249e+00,1.551128969344546249e+00,1.551128969344546249e+00,1.551128969344546249e+00
1.551413049639427300e+01,1.551413049639427300e+01,1.551413049639427300e+01,7.471094986650044234e+00,7.471094986650044234e+00,7.471094986650044234e+00,7.471094986650044234e+00,7.471094986650044234e+00,7.471094986650044234e+00,7.471094986650044234e+00,7.471094986650044234e+00,7.471094986650044234e+00,7.471094986650044234e+00,7.471094986650044234e+00,7.471094986650044234e+00,7.471094986650044234e+00,7.471094986650044234e+00,7.471094986650044234e+00,5.481870824245774543e+00,5.107690018413663324e+00,5.107690018413663324e+00
2.532226537349927753e+00,2.532226537349927753e+00,2.532226537349927753e+00,2.532226537349927753e+00,2.532226537349927753e+00,2.532226537349927753e+00,2.532226537349927753e+00,2.532226537349927753e+00,2.532226537349927753e+00,2.532226537349927753e+00,2.532226537349927753e+00,2.532226537349927753e+00,2.532226537349927753e+00,2.532226537349927753e+00,2.532226537349927753e+00,2.532226537349927753e+00,2.532226537349927753e+00,2.532226537349927753e+00,2.532226537349927753e+00,2.532226537349927753e+00,2.532226537349927753e+00
2.499512007542094238e+00,2.499512007542094238e+00,2.499512007542094238e+00,2.499512007542094238e+00,1.036860122231047399e+00,1.036860122231047399e+00,1.036860122231047399e+00,1.036860122231047399e+00,1.036860122231047399e+00,1.036860122231047399e+00,1.036860122231047399e+00,1.036860122231047399e+00,1.036860122231047399e+00,1.036860122231047399e+00,1.036860122231047399e+00,1.036860122231047399e+00,1.036860122231047399e+00,1.036860122231047399e+00,1.036860122231047399e+00,1.036860122231047399e+00,1.036860122231047399e+00
5.865096455221276983e-01,5.865096455221276983e-01,5.865096455221276983e-01,4.809320340101805868e-01,4.809320340101805868e-01,2.232240707932078294e-01,2.232240707932078294e-01,2.232240707932078294e-01,2.232240707932078294e-01,2.232240707932078294e-01,2.232240707932078294e-01,2.232240707932078294e-01,2.232240707932078294e-01,2.232240707932078294e-01,2.232240707932078294e-01,2.232240707932078294e-01,2.232240707932078294e-01,2.232240707932078294e-01,2.232240707932078294e-01,2.232240707932078294e-01,2.232240707932078294e-01
1.028825199428523263e+01,1.028825199428523263e+01,1.028825199428523263e+01,7.775485998004910471e+00,7.775485998004910471e+00,7.775485998004910471e+00,7.775485998004910471e+00,2.556051993885532170e+00,2.556051993885532170e+00,2.556051993885532170e+00,2.556051993885532170e+00,2.556051993885532170e+00,2.556051993885532170e+00,2.556051993885532170e+00,2.556051993885532170e+00,2.556051993885532170e+00,2.556051993885532170e+00,2.556051993885532170e+00,2.516710826009557422e+00,2.516710826009557422e+00,2.516710826009557422e+00
1.511124584903026857e+01,1.511124584903026857e+01,1.135134130323248769e+01,1.135134130323248769e+01,1.135134130323248769e+01,1.135134130323248769e+01,1.135134130323248769e+01,1.135134130323248769e+01,1.135134130323248769e+01,1.135134130323248769e+01,1.135134130323248769e+01,1.135134130323248769e+01,1.135134130323248769e+01,1.135134130323248769e+01,1.135134130323248769e+01,1.135134130323248769e+01,6.534403315986679672e+00,6.534403315986679672e+00,6.534403315986679672e+00,6.534403315986679672e+00,6.534403315986679672e+00
2.380412606450263979e+00,2.380412606450263979e+00,2.380412606450263979e+00,1.917352837920432762e+00,1.917352837920432762e+00,1.917352837920432762e+00,1.917352837920432762e+00,1.917352837920432762e+00,1.917352837920432762e+00,1.917352837920432762e+00,1.917352837920432762e+00,1.917352837920432762e+00,1.917352837920432762e+00,1.917352837920432762e+00,1.917352837920432762e+00,1.917352837920432762e+00,6.138446003004105478e-02,6.138446003004105478e-02,6.138446003004105478e-02,6.138446003004105478e-02,6.138446003004105478e-02
2.708285230052538850e+01,2.395254082802176754e+01,2.395254082802176754e+01,1.489155810570501615e+01,1.489155810570501615e+01,4.650984329966917130e+00,4.650984329966917130e+00,4.650984329966917130e+00,4.650984329966917130e+00,4.650984329966917130e+00,4.650984329966917130e+00,4.650984329966917130e+00,1.868408752480561930e+00,1.868408752480561930e+00,1.868408752480561930e+00,1.868408752480561930e+00,1.868408752480561930e+00,8.011616316061775933e-01,8.011616316061775933e-01,8.011616316061775933e-01,8.011616316061775933e-01
1.251566680872103632e+01,1.251566680872103632e+01,6.555869495264147417e+00,6.555869495264147417e+00,6.555869495264147417e+00,6.555869495264147417e+00,6.555869495264147417e+00,6.555869495264147417e+00,6.555869495264147417e+00,6.555869495264147417e+00,6.555869495264147417e+00,3.074977625374287982e+00,3.074977625374287982e+00,3.074977625374287982e+00,3.074977625374287982e+00,3.074977625374287982e+00,3.074977625374287982e+00,3.074977625374287982e+00,3.074977625374287982e+00,3.074977625374287982e+00,3.074977625374287982e+00
6.561466345229590047e+00,6.561466345229590047e+00,6.561466345229590047e+00,5.901654684682895891e+00,5.901654684682895891e+00,5.901654684682895891e+00,5.344032314382133109e+00,5.344032314382133109e+00,5.344032314382133109e+00,5.344032314382133109e+00,5.344032314382133109e+00,5.344032314382133109e+00,5.344032314382133109e+00,5.344032314382133109e+00,5.344032314382133109e+00,5.344032314382133109e+00,5.344032314382133109e+00,5.344032314382133109e+00,5.344032314382133109e+00,5.344032314382133109e+00,5.344032314382133109e+00
6.877875001534548005e+00,4.856462547966827970e+00,4.856462547966827970e+00,4.856462547966827970e+00,3.793650723779592226e+00,3.793650723779592226e+00,3.793650723779592226e+00,3.793650723779592226e+00,3.793650723779592226e+00,3.793650723779592226e+00,3.793650723779592226e+00,3.793650723779592226e+00,3.793650723779592226e+00,3.793650723779592226e+00,3.793650723779592226e+00,4.075364947860293796e-01,4.075364947860293796e-01,4.075364947860293796e-01,4.075364947860293796e-01,4.075364947860293796e-01,4.075364947860293796e-01
5.986996864018436781e-01,5.986996864018436781e-01,5.986996864018436781e-01,5.986996864018436781e-01,5.986996864018436781e-01,5.986996864018436781e-01,5.986996864018436781e-01,5.986996864018436781e-01,5.986996864018436781e-01,5.986996864018436781e-01,5.986996864018436781e-01,5.986996864018436781e-01,5.986996864018436781e-01,5.986996864018436781e-01,5.986996864018436781e-01,5.986996864018436781e-01,5.986996864018436781e-01,5.986996864018436781e-01,5.986996864018436781e-01,5.986996864018436781e-01,5.986996864018436781e-01
1.709089993163834720e+01,1.709089993163834720e+01,1.709089993163834720e+01,1.709089993163834720e+01,1.401482456897277018e+01,1.401482456897277018e+01,1.401482456897277018e+01,1.401482456897277018e+01,1.401482456897277018e+01,1.401482456897277018e+01,1.379749928472972442e+01,1.379749928472972442e+01,1.379749928472972442e+01,1.379749928472972442e+01,1.379749928472972442e+01,1.379749928472972442e+01,1.379749928472972442e+01,9.165910444265307433e+00,9.028967051159170865e+00,9.028967051159170865e+00,9.028967051159170865e+00
1.270306684876325676e+01,1.270306684876325676e+01,1.270306684876325676e+01,1.270306684876325676e+01,1.270306684876325676e+01,1.130779345625707322e+01,1.130779345625707322e+01,1.130779345625707322e+01,1.130779345625707322e+01,1.130779345625707322e+01,1.027145379321603968e+01,1.027145379321603968e+01,1.027145379321603968e+01,1.027145379321603968e+01,1.027145379321603968e+01,1.027145379321603968e+01,1.027145379321603968e+01,1.027145379321603968e+01,7.168925532807236323e+00,7.168925532807236323e+00,7.168925532807236323e+00
1.344761826701116547e+00,1.344761826701116547e+00,1.958214019056043753e-01,1.958214019056043753e-01,1.958214019056043753e-01,1.958214019056043753e-01,1.958214019056043753e-01,1.958214019056043753e-01,1.958214019056043753e-01,1.958214019056043753e-01,1.958214019056043753e-01,1.958214019056043753e-01,1.958214019056043753e-01,1.958214019056043753e-01,1.958214019056043753e-01,1.958214019056043753e-01,1.958214019056043753e-01,1.958214019056043753e-01,1.958214019056043753e-01,1.958214019056043753e-01,1.958214019056043753e-01
