1.513676229946361218e+01,2.688759039985370691e+00,2.688759039985370691e+00,6.314812004471832552e-01,6.314812004471832552e-01,6.314812004471832552e-01,6.314812004471832552e-01,6.314812004471832552e-01,6.314812004471832552e-01,6.314812004471832552e-01,6.314812004471832552e-01,6.314812004471832552e-01,6.314812004471832552e-01,6.314812004471832552e-01,6.314812004471832552e-01,6.314812004471832552e-01,6.314812004471832552e-01,6.314812004471832552e-01,6.314812004471832552e-01,6.314812004471832552e-01,6.314812004471832552e-01
1.948512006289877263e+01,6.909347082155818498e+00,6.909347082155818498e+00,6.909347082155818498e+00,1.273714853193723684e+00,1.273714853193723684e+00,1.273714853193723684e+00,1.273714853193723684e+00,1.273714853193723684e+00,1.273714853193723684e+00,1.273714853193723684e+00,1.273714853193723684e+00,1.273714853193723684e+00,1.273714853193723684e+00,1.273714853193723684e+00,1.273714853193723684e+00,1.273714853193723684e+00,1.273714853193723684e+00,3.010678132063731027e-01,3.010678132063731027e-01,3.010678132063731027e-01
6.802468539619781041e+00,6.802468539619781041e+00,9.130397015529752025e-01,9.130397015529752025e-01,9.130397015529752025e-01,9.130397015529752025e-01,9.130397015529752025e-01,9.130397015529752025e-01,9.130397015529752025e-01,9.130397015529752025e-01,9.130397015529752025e-01,2.089641636468968500e-01,2.089641636468968500e-01,2.089641636468968500e-01,2.089641636468968500e-01,2.089641636468968500e-01,2.089641636468968500e-01,2.089641636468968500e-01,2.089641636468968500e-01,2.089641636468968500e-01,2.089641636468968500e-01
1.434859887684808655e+01,1.434859822903217719e+01,1.434859317012580959e+01,1.434859317012580959e+01,1.434859317012580959e+01,1.434859317012580959e+01,1.434859317012580959e+01,1.434859230285974263e+01,1.434859230285974263e+01,1.434859230285974263e+01,1.434859230285974263e+01,1.434859230285974263e+01,1.434859230285974263e+01,1.434859230285974263e+01,1.434837098205150596e+01,1.434837098205150596e+01,1.434837098205150596e+01,1.434837098205150596e+01,1.434829889244645074e+01,1.434829889244645074e+01,1.434829889244645074e+01
3.067613505143071961e+00,3.067613505143071961e+00,3.067613505143071961e+00,2.961333518682977228e+00,2.961333518682977228e+00,2.961333518682977228e+00,2.961333518682977228e+00,2.961333518682977228e+00,2.961333518682977228e+00,2.961333518682977228e+00,2.961333518682977228e+00,2.961333518682977228e+00,2.961333518682977228e+00,2.284419985476915826e+00,2.284419985476915826e+00,2.284419985476915826e+00,2.284419985476915826e+00,2.284419985476915826e+00,2.284419985476915826e+00,2.284419985476915826e+00,2.260490535600183648e+00
1.551413049639427300e+01,1.551413049639427300e+01,1.551413049639427300e+01,1.419299850725417400e+01,1.419299850725417400e+01,1.419299850725417400e+01,1.198978044812179178e+01,5.074175465633743443e-01,5.074175465633743443e-01,5.074175465633743443e-01,5.074175465633743443e-01,5.074175465633743443e-01,5.074175465633743443e-01,5.074175465633743443e-01,5.074175465633743443e-01,5.074175465633743443e-01,5.074175465633743443e-01,5.074175465633743443e-01,5.074175465633743443e-01,5.074175465633743443e-01,5.074175465633743443e-01
2.532226537349970386e+00,2.532226537349970386e+00,2.532226537349970386e+00,2.532226537349970386e+00,2.532226537349970386e+00,2.532226537349970386e+00,2.532226537349970386e+00,2.532226537349970386e+00,2.532226537349970386e+00,2.532226537349970386e+00,2.532226537349970386e+00,2.532226537349970386e+00,2.532226537349970386e+00,2.532226537349970386e+00,2.532226537349970386e+00,2.532226537349970386e+00,2.532226537349970386e+00,2.532226537349970386e+00,2.532226537349970386e+00,2.532226537349970386e+00,2.532226537349970386e+00
2.499512007542080028e+00,2.499512007542080028e+00,2.499512007542080028e+00,2.499512007542080028e+00,2.499512007542080028e+00,2.499512007542080028e+00,2.499512007542080028e+00,2.499512007542080028e+00,2.499512007542080028e+00,2.499512007542080028e+00,5.745679775930057076e-01,5.745679775930057076e-01,5.745679775930057076e-01,5.745679775930057076e-01,5.745679775930057076e-01,5.745679775930057076e-01,5.745679775930057076e-01,5.745679775930057076e-01,5.745679775930057076e-01,5.745679775930057076e-01,5.745679775930057076e-01
5.865096455221419092e-01,5.865096455221419092e-01,5.865096455221419092e-01,5.865096455221419092e-01,5.865096455221419092e-01,5.865096455221419092e-01,5.865096455221419092e-01,2.033790535995194659e-01,7.281211119186536962e-02,7.281211119186536962e-02,7.281211119186536962e-02,7.281211119186536962e-02,7.281211119186536962e-02,7.281211119186536962e-02,7.281211119186536962e-02,7.281211119186536962e-02,7.281211119186536962e-02,7.281211119186536962e-02,7.281211119186536962e-02,7.281211119186536962e-02,7.281211119186536962e-02
1.028825199428524684e+01,1.028825199428524684e+01,5.402064975660891832e+00,5.402064975660891832e+00,5.402064975660891832e+00,5.402064975660891832e+00,5.402064975660891832e+00,5.461481090982260866e-01,5.461481090982260866e-01,5.461481090982260866e-01,5.461481090982260866e-01,5.461481090982260866e-01,5.461481090982260866e-01,5.461481090982260866e-01,5.461481090982260866e-01,5.461481090982260866e-01,5.461481090982260866e-01,5.461481090982260866e-01,5.461481090982260866e-01,5.461481090982260866e-01,5.461481090982260866e-01
1.511124584903029699e+01,1.511124584903029699e+01,1.511124584903029699e+01,1.511124584903029699e+01,3.283194692552910965e+00,3.283194692552910965e+00,3.283194692552910965e+00,3.283194692552910965e+00,3.283194692552910965e+00,3.283194692552910965e+00,3.283194692552910965e+00,3.283194692552910965e+00,3.283194692552910965e+00,3.283194692552910965e+00,3.283194692552910965e+00,1.043356366110515410e+00,1.043356366110515410e+00,1.043356366110515410e+00,1.043356366110515410e+00,1.043356366110515410e+00,1.043356366110515410e+00
2.380412606450249768e+00,2.380412606450249768e+00,2.380412606450249768e+00,2.380412606450249768e+00,2.380412606450249768e+00,2.380412606450249768e+00,2.380412606450249768e+00,1.150513466312418132e+00,1.150513466312418132e+00,1.150513466312418132e+00,1.150513466312418132e+00,1.150513466312418132e+00,1.150513466312418132e+00,2.290401546146085821e-01,2.290401546146085821e-01,2.290401546146085821e-01,2.290401546146085821e-01,2.290401546146085821e-01,2.290401546146085821e-01,2.290401546146085821e-01,2.290401546146085821e-01
2.708285230052547377e+01,2.705333369590948678e+01,2.111803169513052580e+01,2.111803169513052580e+01,2.111803169513052580e+01,2.493748290085818553e+00,2.493748290085818553e+00,2.493748290085818553e+00,1.624948279693626318e+00,1.624948279693626318e+00,1.624948279693626318e+00,1.624948279693626318e+00,1.624948279693626318e+00,1.357008515115012415e+00,1.357008515115012415e+00,9.720165718091493545e-01,9.720165718091493545e-01,9.720165718091493545e-01,9.720165718091493545e-01,9.641825462185806828e-01,9.640335703685423141e-01
1.251566680872099369e+01,1.251566680872099369e+01,1.251566680872099369e+01,1.251566680872099369e+01,2.621291190125020876e+00,2.621291190125020876e+00,2.192886626503081970e+00,2.192886626503081970e+00,2.121721663071639341e+00,2.121721663071639341e+00,2.121721663071639341e+00,2.121721663071639341e+00,2.121721663071639341e+00,2.121721663071639341e+00,2.121721663071639341e+00,2.121721663071639341e+00,2.121721663071639341e+00,2.121721663071639341e+00,2.121721663071639341e+00,2.121721663071639341e+00,2.121721663071639341e+00
6.561466345229632680e+00,6.561466345229632680e+00,4.074082496817482024e+00,4.074082496817482024e+00,4.074082496817482024e+00,4.074082496817482024e+00,4.074082496817482024e+00,5.228874377085048764e-01,5.228874377085048764e-01,5.228874377085048764e-01,5.228874377085048764e-01,5.228874377085048764e-01,5.228874377085048764e-01,5.228874377085048764e-01,5.228874377085048764e-01,5.228874377085048764e-01,5.228874377085048764e-01,5.228874377085048764e-01,5.228874377085048764e-01,5.228874377085048764e-01,5.228874377085048764e-01
6.877875001534562216e+00,5.176595145122860231e+00,5.176595145122860231e+00,5.176595145122860231e+00,1.817478442988999632e+00,1.817478442988999632e+00,1.817478442988999632e+00,1.817478442988999632e+00,1.817478442988999632e+00,1.817478442988999632e+00,1.817478442988999632e+00,1.817478442988999632e+00,1.817478442988999632e+00,1.817478442988999632e+00,1.817478442988999632e+00,1.817478442988999632e+00,1.817478442988999632e+00,1.817478442988999632e+00,1.817478442988999632e+00,1.817478442988999632e+00,1.817478442988999632e+00
5.986996864018010456e-01,5.986996864018010456e-01,5.986996864018010456e-01,5.986996864018010456e-01,5.986996864018010456e-01,5.986996864018010456e-01,5.986996864018010456e-01,5.986996864018010456e-01,5.986996864018010456e-01,5.986996864018010456e-01,5.986996864018010456e-01,5.986996864018010456e-01,5.986996864018010456e-01,5.986996864018010456e-01,5.986996864018010456e-01,5.986996864018010456e-01,5.986996864018010456e-01,5.986996864018010456e-01,5.986996864018010456e-01,5.986996864018010456e-01,5.986996864018010456e-01
1.709089993163831878e+01,2.413744772469840427e+00,2.413744772469840427e+00,2.413744772469840427e+00,2.413744772469840427e+00,2.413744772469840427e+00,2.413744772469840427e+00,2.413744772469840427e+00,2.413744772469840427e+00,2.413744772469840427e+00,2.413744772469840427e+00,2.028461844857133656e+00,2.028461844857133656e+00,2.028461844857133656e+00,2.028461844857133656e+00,2.028461844857133656e+00,2.028461844857133656e+00,2.028461844857133656e+00,2.028461844857133656e+00,2.028461844857133656e+00,2.028461844857133656e+00
1.270306684876322834e+01,8.016746900057000857e+00,8.016746900057000857e+00,2.461564879640150139e+00,2.461564879640150139e+00,2.461564879640150139e+00,2.461564879640150139e+00,2.461564879640150139e+00,2.461564879640150139e+00,2.461564879640150139e+00,2.461564879640150139e+00,2.461564879640150139e+00,2.461564879640150139e+00,2.461564879640150139e+00,2.461564879640150139e+00,2.461564879640150139e+00,2.461564879640150139e+00,2.461564879640150139e+00,2.461564879640150139e+00,2.461564879640150139e+00,2.461564879640150139e+00
1.344761826701073915e+00,1.344761826701073915e+00,8.797992994341257145e-01,8.797992994341257145e-01,2.030858940461257589e-01,2.030858940461257589e-01,2.030858940461257589e-01,2.030858940461257589e-01,2.030858940461257589e-01,2.030858940461257589e-01,2.030858940461257589e-01,2.030858940461257589e-01,2.030858940461257589e-01,2.030858940461257589e-01,2.030858940461257589e-01,2.030858940461257589e-01,2.030858940461257589e-01,2.030858940461257589e-01,2.030858940461257589e-01,2.030858940461257589e-01,2.030858940461257589e-01
