1.513676229946395324e+01,3.195375146056903759e+00,3.195375146056903759e+00,3.195375146056903759e+00,3.195375146056903759e+00,2.145503094983723713e+00,2.145503094983723713e+00,2.145503094983723713e+00,2.145503094983723713e+00,2.145503094983723713e+00,2.145503094983723713e+00,2.145503094983723713e+00,2.145503094983723713e+00,2.145503094983723713e+00,2.145503094983723713e+00,2.145503094983723713e+00,2.145503094983723713e+00,1.799141469477035571e+00,1.799141469477035571e+00,1.799141469477035571e+00,1.449190461473335745e+00
1.948512006289820420e+01,9.218363667818266549e+00,9.218363667818266549e+00,9.218363667818266549e+00,6.373042264624018571e+00,6.373042264624018571e+00,6.373042264624018571e+00,6.373042264624018571e+00,6.373042264624018571e+00,6.373042264624018571e+00,6.373042264624018571e+00,6.373042264624018571e+00,6.373042264624018571e+00,6.373042264624018571e+00,1.491526067653467180e+00,1.491526067653467180e+00,1.491526067653467180e+00,1.491526067653467180e+00,1.491526067653467180e+00,1.491526067653467180e+00,1.491526067653467180e+00
6.802468539619439980e+00,6.802468539619439980e+00,3.590663867596958880e+00,3.590663867596958880e+00,3.590663867596958880e+00,3.590663867596958880e+00,3.590663867596958880e+00,3.590663867596958880e+00,3.590663867596958880e+00,3.590663867596958880e+00,3.590663867596958880e+00,3.590663867596958880e+00,3.590663867596958880e+00,3.135888686338148545e+00,3.135888686338148545e+00,3.135888686338148545e+00,3.135888686338148545e+00,3.135888686338148545e+00,3.135888686338148545e+00,3.135888686338148545e+00,3.135888686338148545e+00
1.434859887684797286e+01,1.434859887684797286e+01,1.434859887684797286e+01,1.434859887684797286e+01,1.434859887684797286e+01,1.633698290723259561e+00,1.633698290723259561e+00,1.633698290723259561e+00,1.633698290723259561e+00,1.633698290723259561e+00,1.633698290723259561e+00,1.633698290723259561e+00,1.633698290723259561e+00,1.633698290723259561e+00,1.633698290723259561e+00,1.633698290723259561e+00,1.633698290723259561e+00,1.633698290723259561e+00,1.633698290723259561e+00,1.633698290723259561e+00,1.633698290723259561e+00
3.067613505143526709e+00,3.067613505143526709e+00,3.067613505143526709e+00,3.067613505143526709e+00,3.067613505143526709e+00,3.067613505143526709e+00,4.815466755535453558e-01,4.815466755535453558e-01,4.815466755535453558e-01,4.815466755535453558e-01,4.815466755535453558e-01,4.815466755535453558e-01,4.815466755535453558e-01,4.815466755535453558e-01,4.815466755535453558e-01,4.815466755535453558e-01,4.815466755535453558e-01,4.815466755535453558e-01,4.815466755535453558e-01,4.815466755535453558e-01,4.815466755535453558e-01
1.551413049639450037e+01,1.430404147723129427e+01,1.430404147723129427e+01,1.430404147723129427e+01,1.094761626358740614e+01,1.094761626358740614e+01,1.104824824986280873e+00,1.104824824986280873e+00,1.104824824986280873e+00,1.104824824986280873e+00,1.104824824986280873e+00,1.104824824986280873e+00,1.104824824986280873e+00,1.104824824986280873e+00,1.104824824986280873e+00,1.104824824986280873e+00,1.104824824986280873e+00,1.104824824986280873e+00,1.104824824986280873e+00,1.104824824986280873e+00,1.104824824986280873e+00
2.532226537350652507e+00,2.532226537350652507e+00,2.532226537350652507e+00,2.532226537350652507e+00,2.532226537350652507e+00,2.532226537350652507e+00,2.532226537350652507e+00,2.532226537350652507e+00,2.532226537350652507e+00,2.532226537350652507e+00,2.532226537350652507e+00,2.532226537350652507e+00,2.532226537350652507e+00,2.532226537350652507e+00,2.532226537350652507e+00,2.532226537350652507e+00,2.532226537350652507e+00,2.532226537350652507e+00,2.532226537350652507e+00,2.532226537350652507e+00,2.532226537350652507e+00
2.499512007541852654e+00,2.499512007541852654e+00,2.499512007541852654e+00,2.499512007541852654e+00,2.499512007541852654e+00,2.499512007541852654e+00,2.499512007541852654e+00,2.499512007541852654e+00,2.499512007541852654e+00,2.499512007541852654e+00,2.499512007541852654e+00,2.499512007541852654e+00,2.499512007541852654e+00,2.499512007541852654e+00,2.499512007541852654e+00,2.499512007541852654e+00,2.499512007541852654e+00,2.499512007541852654e+00,2.499512007541852654e+00,2.499512007541852654e+00,2.499512007541852654e+00
5.865096455218008487e-01,5.865096455218008487e-01,5.865096455218008487e-01,5.865096455218008487e-01,2.103054664021328790e-01,2.103054664021328790e-01,2.103054664021328790e-01,2.103054664021328790e-01,2.103054664021328790e-01,2.103054664021328790e-01,2.103054664021328790e-01,2.103054664021328790e-01,2.103054664021328790e-01,2.103054664021328790e-01,2.103054664021328790e-01,2.103054664021328790e-01,2.103054664021328790e-01,2.103054664021328790e-01,2.103054664021328790e-01,2.103054664021328790e-01,2.103054664021328790e-01
1.028825199428501946e+01,1.028825199428501946e+01,1.028825199428501946e+01,1.028825199428501946e+01,1.028825199428501946e+01,1.028825199428501946e+01,1.028825199428501946e+01,1.028825199428501946e+01,5.675262248687431565e+00,5.675262248687431565e+00,5.675262248687431565e+00,5.675262248687431565e+00,5.675262248687431565e+00,5.372894058960810071e+00,5.372894058960810071e+00,5.372894058960810071e+00,5.372894058960810071e+00,5.372894058960810071e+00,6.904744391777057899e-01,6.904744391777057899e-01,6.904744391777057899e-01
1.511124584902972856e+01,1.511124584902972856e+01,4.610069311342158471e+00,4.610069311342158471e+00,4.610069311342158471e+00,4.610069311342158471e+00,4.610069311342158471e+00,4.610069311342158471e+00,4.610069311342158471e+00,4.610069311342158471e+00,4.610069311342158471e+00,4.610069311342158471e+00,4.610069311342158471e+00,4.610069311342158471e+00,4.610069311342158471e+00,4.610069311342158471e+00,4.610069311342158471e+00,4.610069311342158471e+00,4.610069311342158471e+00,4.610069311342158471e+00,4.610069311342158471e+00
2.380412606449681334e+00,2.380412606449681334e+00,2.380412606449681334e+00,2.380412606449681334e+00,2.380412606449681334e+00,3.437128901532560121e-02,3.437128901532560121e-02,3.437128901532560121e-02,3.437128901532560121e-02,3.437128901532560121e-02,3.437128901532560121e-02,3.437128901532560121e-02,3.437128901532560121e-02,3.437128901532560121e-02,3.437128901532560121e-02,3.437128901532560121e-02,3.437128901532560121e-02,3.437128901532560121e-02,3.437128901532560121e-02,3.437128901532560121e-02,3.437128901532560121e-02
2.708285230052570114e+01,2.708285230052570114e+01,1.693411417119932594e+00,1.693411417119932594e+00,1.693411417119932594e+00,1.693411417119932594e+00,1.693411417119932594e+00,1.693411417119932594e+00,1.370372984316418297e+00,1.370372984316418297e+00,1.370372984316418297e+00,1.370372984316418297e+00,1.370372984316418297e+00,1.370372984316418297e+00,1.370372984316418297e+00,1.370372984316418297e+00,1.370372984316418297e+00,1.370372984316418297e+00,1.370372984316418297e+00,1.370372984316418297e+00,1.370372984316418297e+00
1.251566680872019788e+01,1.251566680872019788e+01,1.251566680872019788e+01,1.251566680872019788e+01,1.251566680872019788e+01,6.413554139346160810e+00,6.413554139346160810e+00,6.413554139346160810e+00,5.012880854872491909e+00,5.012880854872491909e+00,5.012880854872491909e+00,5.012880854872491909e+00,5.012880854872491909e+00,5.012880854872491909e+00,5.012880854872491909e+00,5.012880854872491909e+00,5.012880854872491909e+00,5.012880854872491909e+00,5.012880854872491909e+00,5.012880854872491909e+00,5.012880854872491909e+00
6.561466345228836872e+00,6.561466345228836872e+00,1.638601524979094393e+00,1.638601524979094393e+00,1.638601524979094393e+00,1.638601524979094393e+00,1.638601524979094393e+00,1.638601524979094393e+00,1.638601524979094393e+00,1.638601524979094393e+00,1.638601524979094393e+00,1.638601524979094393e+00,1.638601524979094393e+00,1.638601524979094393e+00,1.638601524979094393e+00,1.638601524979094393e+00,1.638601524979094393e+00,1.638601524979094393e+00,1.638601524979094393e+00,5.833934749116451712e-01,5.833934749116451712e-01
6.877875001535358024e+00,6.877875001535358024e+00,4.339235670249763643e+00,4.339235670249763643e+00,4.339235670249763643e+00,4.339235670249763643e+00,2.015394797848784947e+00,2.015394797848784947e+00,2.015394797848784947e+00,2.015394797848784947e+00,2.015394797848784947e+00,2.015394797848784947e+00,2.015394797848784947e+00,2.015394797848784947e+00,2.015394797848784947e+00,2.015394797848784947e+00,1.725017017908612615e+00,1.725017017908612615e+00,1.725017017908612615e+00,1.725017017908612615e+00,1.725017017908612615e+00
5.986996864012326114e-01,5.986996864012326114e-01,5.986996864012326114e-01,5.986996864012326114e-01,5.986996864012326114e-01,5.986996864012326114e-01,5.986996864012326114e-01,5.986996864012326114e-01,5.986996864012326114e-01,5.986996864012326114e-01,5.986996864012326114e-01,5.986996864012326114e-01,5.986996864012326114e-01,5.986996864012326114e-01,5.986996864012326114e-01,5.986996864012326114e-01,5.986996864012326114e-01,5.986996864012326114e-01,5.986996864012326114e-01,5.986996864012326114e-01,5.986996864012326114e-01
1.709089993163797772e+01,4.096554318963171681e+00,4.096554318963171681e+00,4.096554318963171681e+00,4.096554318963171681e+00,4.096554318963171681e+00,4.096554318963171681e+00,4.096554318963171681e+00,4.096554318963171681e+00,4.096554318963171681e+00,4.096554318963171681e+00,4.096554318963171681e+00,4.096554318963171681e+00,4.096554318963171681e+00,4.096554318963171681e+00,4.993979545033653267e-01,4.993979545033653267e-01,4.993979545033653267e-01,4.993979545033653267e-01,4.993979545033653267e-01,4.993979545033653267e-01
1.270306684876413783e+01,1.034744085956299386e+01,1.180066536055164761e+00,1.180066536055164761e+00,1.180066536055164761e+00,1.180066536055164761e+00,1.180066536055164761e+00,1.180066536055164761e+00,1.180066536055164761e+00,1.180066536055164761e+00,1.180066536055164761e+00,1.180066536055164761e+00,1.180066536055164761e+00,1.180066536055164761e+00,1.180066536055164761e+00,1.180066536055164761e+00,1.180066536055164761e+00,1.180066536055164761e+00,1.180066536055164761e+00,1.180066536055164761e+00,1.180066536055164761e+00
1.344761826701869722e+00,1.344761826701869722e+00,1.344761826701869722e+00,1.344761826701869722e+00,1.344761826701869722e+00,1.344761826701869722e+00,1.344761826701869722e+00,1.344761826701869722e+00,1.344761826701869722e+00,1.344761826701869722e+00,1.344761826701869722e+00,1.344761826701869722e+00,1.344761826701869722e+00,1.344761826701869722e+00,1.275802989412113675e+00,1.275802989412113675e+00,1.275802989412113675e+00,1.275802989412113675e+00,1.275802989412113675e+00,1.275802989412113675e+00,1.275802989412113675e+00
