1.513676229946356067e+01,1.513676229946356067e+01,1.513676229946356067e+01,1.513676229946356067e+01,1.513676229946356067e+01,4.154351388508989551e+00,4.154351388508989551e+00,4.154351388508989551e+00,4.154351388508989551e+00,4.154351388508989551e+00,4.154351388508989551e+00,4.154351388508989551e+00,4.154351388508989551e+00,4.154351388508989551e+00,3.250964095716744051e+00,3.250964095716744051e+00,2.614910412390968553e+00,2.614910412390968553e+00,2.614910412390968553e+00,2.614910412390968553e+00,2.124401807721160829e+00
1.948512006289873000e+01,1.948512006289873000e+01,1.948512006289873000e+01,1.948512006289873000e+01,1.948512006289873000e+01,1.948512006289873000e+01,4.309662642960938150e+00,4.309662642960938150e+00,1.117694672620766702e-02,1.117694672620766702e-02,1.117694672620766702e-02,1.117694672620766702e-02,1.117694672620766702e-02,1.117694672620766702e-02,1.117694672620766702e-02,1.117694672620766702e-02,1.117694672620766702e-02,1.117694672620766702e-02,1.117694672620766702e-02,7.655668241623503345e-03,7.655668241623503345e-03
6.802468539619835219e+00,6.802468539619835219e+00,6.802468539619835219e+00,5.494791303099916036e+00,5.494791303099916036e+00,5.494791303099916036e+00,4.738144723459877916e+00,4.738144723459877916e+00,5.190332926658723922e-01,5.190332926658723922e-01,5.190332926658723922e-01,2.376329841756950889e-01,2.376329841756950889e-01,2.376329841756950889e-01,2.376329841756950889e-01,2.376329841756950889e-01,2.376329841756950889e-01,2.376329841756950889e-01,2.376329841756950889e-01,2.376329841756950889e-01,2.376329841756950889e-01
1.434859887684804924e+01,1.434859887684804924e+01,1.434859887684804924e+01,1.434859887684804924e+01,1.434859887684804924e+01,1.434859887684804924e+01,1.434859887684804924e+01,1.434859887684804924e+01,1.434859887684804924e+01,3.020542687151167360e+00,2.151459354607085039e+00,2.151459354607085039e+00,2.151459354607085039e+00,2.151459354607085039e+00,8.757473485087710063e-01,8.757473485087710063e-01,8.757473485087710063e-01,8.757473485087710063e-01,8.757473485087710063e-01,8.757473485087710063e-01,8.757473485087710063e-01
3.067613505143035102e+00,2.019777858356948119e+00,2.019777858356948119e+00,2.019777858356948119e+00,2.019777858356948119e+00,2.019777858356948119e+00,2.019777858356948119e+00,2.019777858356948119e+00,2.019777858356948119e+00,1.089540158372307221e+00,1.089446592280870485e+00,1.089446592280870485e+00,1.089446592280870485e+00,1.089446592280870485e+00,1.089446592280870485e+00,1.088382263619697143e+00,1.088355507801128663e+00,1.088355507801128663e+00,1.088188727083305052e+00,1.088018578027540872e+00,1.087843733492831033e+00
1.551413049639426944e+01,1.551413049639426944e+01,1.551413049639426944e+01,9.270895117530200125e+00,9.270895117530200125e+00,8.466532768664297492e+00,8.466532768664297492e+00,8.466532768664297492e+00,8.466532768664297492e+00,8.466532768664297492e+00,8.466532768664297492e+00,8.466532768664297492e+00,8.466532768664297492e+00,8.466532768664297492e+00,8.466532768664297492e+00,8.466532768664297492e+00,8.466532768664297492e+00,8.466532768664297492e+00,8.466532768664297492e+00,8.466532768664297492e+00,7.899301042921555549e+00
2.532226537349921536e+00,2.532226537349921536e+00,2.532226537349921536e+00,2.532226537349921536e+00,2.532226537349921536e+00,2.532226537349921536e+00,2.532226537349921536e+00,2.532226537349921536e+00,2.532226537349921536e+00,2.532226537349921536e+00,2.532226537349921536e+00,2.532226537349921536e+00,2.532226537349921536e+00,2.532226537349921536e+00,2.532226537349921536e+00,2.532226537349921536e+00,2.532226537349921536e+00,2.532226537349921536e+00,2.532226537349921536e+00,2.532226537349921536e+00,2.532226537349921536e+00
2.499512007542088909e+00,2.499512007542088909e+00,2.499512007542088909e+00,2.499512007542088909e+00,2.499512007542088909e+00,1.053595376285183960e+00,1.053595376285183960e+00,1.053595376285183960e+00,1.053595376285183960e+00,1.053595376285183960e+00,1.053595376285183960e+00,1.053595376285183960e+00,1.053595376285183960e+00,1.053595376285183960e+00,1.053595376285183960e+00,1.053595376285183960e+00,1.053595376285183960e+00,1.053595376285183960e+00,1.053595376285183960e+00,1.053595376285183960e+00,1.053595376285183960e+00
5.865096455221217031e-01,5.865096455221217031e-01,5.865096455221217031e-01,4.789108525543054884e-01,4.695726265512625286e-01,4.695726265512625286e-01,4.695726265512625286e-01,4.695726265512625286e-01,4.695726265512625286e-01,4.695726265512625286e-01,4.695726265512625286e-01,4.688813468364601555e-01,4.688813468364601555e-01,4.688813468364601555e-01,4.688813468364601555e-01,4.688813468364601555e-01,4.688813468364601555e-01,4.688813468364601555e-01,4.604325786158959266e-01,4.600867215595315085e-01,4.594696270250524517e-01
1.028825199428522907e+01,1.028825199428522907e+01,9.123400728467903065e+00,9.123400728467903065e+00,9.123400728467903065e+00,5.992820925841440882e+00,5.992820925841440882e+00,5.992820925841440882e+00,5.992820925841440882e+00,5.992820925841440882e+00,5.992820925841440882e+00,5.992820925841440882e+00,5.992820925841440882e+00,5.992820925841440882e+00,3.200119765069899813e+00,3.200119765069899813e+00,3.200119765069899813e+00,3.200119765069899813e+00,3.200119765069899813e+00,3.200119765069899813e+00,3.198228176514988252e+00
1.511124584903027213e+01,1.511124584903027213e+01,1.296377389007615477e+01,1.296377389007615477e+01,1.296377389007615477e+01,1.296377389007615477e+01,1.296377389007615477e+01,1.296377389007615477e+01,1.207972492148715915e+01,1.207972492148715915e+01,1.207972492148715915e+01,1.207972492148715915e+01,1.207972492148715915e+01,1.207972492148715915e+01,1.207972492148715915e+01,1.207972492148715915e+01,1.207972492148715915e+01,7.271152104912737890e+00,7.271152104912737890e+00,6.813137967558994035e+00,6.813137967558994035e+00
2.380412606450262647e+00,2.380412606450262647e+00,2.380412606450262647e+00,2.287565567118782450e+00,2.287565567118782450e+00,2.287565567118782450e+00,2.287565567118782450e+00,2.287565567118782450e+00,7.549618325435073496e-01,7.549618325435073496e-01,7.549618325435073496e-01,7.549618325435073496e-01,7.549618325435073496e-01,7.549618325435073496e-01,7.549618325435073496e-01,7.549618325435073496e-01,7.549618325435073496e-01,7.549618325435073496e-01,7.549618325435073496e-01,7.549618325435073496e-01,7.549618325435073496e-01
2.708285230052538495e+01,2.591549730241833416e+01,2.591549730241833416e+01,2.102158789684652263e+01,2.102158789684652263e+01,2.102158789684652263e+01,4.427445065259382417e+00,4.427445065259382417e+00,4.427445065259382417e+00,8.494295409768605198e-01,8.494295409768605198e-01,8.494295409768605198e-01,8.494295409768605198e-01,8.494295409768605198e-01,8.494295409768605198e-01,8.494295409768605198e-01,8.494295409768605198e-01,8.494295409768605198e-01,8.494295409768605198e-01,8.494295409768605198e-01,8.494295409768605198e-01
1.251566680872103809e+01,1.251566680872103809e+01,1.062098393046574429e+01,1.062098393046574429e+01,1.062098393046574429e+01,1.062098393046574429e+01,1.062098393046574429e+01,1.062098393046574429e+01,1.062098393046574429e+01,1.062098393046574429e+01,1.062098393046574429e+01,9.281993080051826439e+00,9.281993080051826439e+00,7.023061063865409182e+00,7.023061063865409182e+00,7.023061063865409182e+00,7.023061063865409182e+00,7.023061063865409182e+00,7.023061063865409182e+00,7.023061063865409182e+00,5.521714920087504197e+00
6.561466345229590047e+00,6.561466345229590047e+00,6.561466345229590047e+00,6.561466345229590047e+00,6.561466345229590047e+00,4.538283858277694094e+00,4.538283858277694094e+00,4.538283858277694094e+00,4.538283858277694094e+00,4.538283858277694094e+00,4.538283858277694094e+00,4.538283858277694094e+00,4.538283858277694094e+00,4.538283858277694094e+00,4.538283858277694094e+00,4.538283858277694094e+00,4.538283858277694094e+00,4.464130167094474189e+00,4.464130167094474189e+00,4.464130167094474189e+00,4.457283682527425128e+00
6.877875001534549781e+00,5.452030633090214629e+00,5.452030633090214629e+00,5.452030633090214629e+00,5.452030633090214629e+00,5.188455157310351673e+00,5.188455157310351673e+00,5.188455157310351673e+00,5.188455157310351673e+00,5.188455157310351673e+00,5.188455157310351673e+00,5.188455157310351673e+00,5.188455157310351673e+00,5.188455157310351673e+00,5.188455157310351673e+00,5.188455157310351673e+00,5.188455157310351673e+00,5.188455157310351673e+00,5.188455157310351673e+00,5.188455157310351673e+00,5.188455157310351673e+00
5.986996864018441222e-01,5.986996864018441222e-01,5.986996864018441222e-01,5.986996864018441222e-01,5.986996864018441222e-01,5.986996864018441222e-01,5.986996864018441222e-01,5.986996864018441222e-01,5.986996864018441222e-01,5.986996864018441222e-01,5.986996864018441222e-01,5.986996864018441222e-01,5.986996864018441222e-01,1.575458618297951585e-01,1.406344052574649839e-01,1.266833989883257017e-01,1.146733183672994510e-01,1.048474461924192996e-01,9.617814420187241475e-02,8.924987472888326612e-02,8.405565047617741259e-02
1.709089993163834009e+01,1.709089993163834009e+01,1.709089993163834009e+01,1.709089993163834009e+01,1.424259925346483158e+01,1.424259925346483158e+01,1.415212005212355351e+01,1.415212005212355351e+01,1.415212005212355351e+01,1.402393587358518623e+01,1.402393587358518623e+01,1.402393587358518623e+01,1.402393587358518623e+01,1.402393587358518623e+01,1.402393587358518623e+01,1.402393587358518623e+01,1.402393587358518623e+01,1.402393587358518623e+01,1.402393587358518623e+01,1.402393587358518623e+01,1.393662338895374830e+01
1.270306684876325498e+01,1.270306684876325498e+01,1.270306684876325498e+01,1.270306684876325498e+01,1.270306684876325498e+01,1.251159593104233458e+01,1.251159593104233458e+01,1.251159593104233458e+01,1.251159593104233458e+01,1.251159593104233458e+01,1.251159593104233458e+01,1.251159593104233458e+01,1.251159593104233458e+01,9.842001257444559670e+00,9.541062490951929931e+00,9.541062490951929931e+00,9.541062490951929931e+00,9.541062490951929931e+00,9.541062490951929931e+00,9.541062490951929931e+00,9.541062490951929931e+00
1.344761826701116325e+00,1.344761826701116325e+00,1.344761826701116325e+00,1.344761826701116325e+00,1.344761826701116325e+00,1.084411789749045507e+00,1.084411789749045507e+00,1.084411789749045507e+00,1.084411789749045507e+00,1.084411789749045507e+00,8.530435798465925146e-01,8.530435798465925146e-01,8.530435798465925146e-01,8.530435798465925146e-01,8.530435798465925146e-01,8.375720889795589263e-01,8.375720889795589263e-01,8.189179060997817672e-01,8.189179060997817672e-01,8.189179060997817672e-01,8.189179060997817672e-01
