1.513676229946355534e+01,3.623711846953028726e+00,3.623711846953028726e+00,3.623711846953028726e+00,1.885615734356349549e+00,1.885615734356349549e+00,1.885615734356349549e+00,1.885615734356349549e+00,1.431263338272444230e+00,1.431263338272444230e+00,1.431263338272444230e+00,1.431263338272444230e+00,1.431263338272444230e+00,1.431263338272444230e+00,1.431263338272444230e+00,1.431263338272444230e+00,3.505048166003064125e-01,3.505048166003064125e-01,3.505048166003064125e-01,3.505048166003064125e-01,3.505048166003064125e-01
1.948512006289873000e+01,1.948512006289873000e+01,1.948512006289873000e+01,3.468818333484890104e+00,3.468818333484890104e+00,3.468818333484890104e+00,3.468818333484890104e+00,3.468818333484890104e+00,3.155140309205506810e+00,3.155140309205506810e+00,3.155140309205506810e+00,3.155140309205506810e+00,3.006881678097315103e+00,2.251022300316193991e+00,2.251022300316193991e+00,2.251022300316193991e+00,1.932406984161744390e+00,1.890534077696486293e+00,1.875742044269401276e+00,1.866701821124991056e+00,1.860152752943974974e+00
6.802468539619837884e+00,4.364167713576151186e+00,3.187189054258681153e-01,3.187189054258681153e-01,3.187189054258681153e-01,3.187189054258681153e-01,3.187189054258681153e-01,3.187189054258681153e-01,3.187189054258681153e-01,3.187189054258681153e-01,3.187189054258681153e-01,3.187189054258681153e-01,3.187189054258681153e-01,3.187189054258681153e-01,3.187189054258681153e-01,3.187189054258681153e-01,3.187189054258681153e-01,3.187189054258681153e-01,3.187189054258681153e-01,3.187189054258681153e-01,3.187189054258681153e-01
1.434859887684804391e+01,1.434859887684804391e+01,1.434859887684804391e+01,1.434859887684804391e+01,1.434859887684804391e+01,1.506035759549092745e+00,1.506035759549092745e+00,1.506035759549092745e+00,1.506035759549092745e+00,1.506035759549092745e+00,1.506035759549092745e+00,1.506035759549092745e+00,1.506035759549092745e+00,1.506035759549092745e+00,1.506035759549092745e+00,8.668172770281614703e-01,8.668172770281614703e-01,8.668172770281614703e-01,8.668172770281614703e-01,8.668172770281614703e-01,8.668172770281614703e-01
3.067613505143029329e+00,3.067613505143029329e+00,9.938691358171780621e-01,9.938691358171780621e-01,9.938691358171780621e-01,9.938691358171780621e-01,9.938691358171780621e-01,9.938691358171780621e-01,9.938691358171780621e-01,9.938691358171780621e-01,9.938691358171780621e-01,9.938691358171780621e-01,9.938691358171780621e-01,9.938691358171780621e-01,9.938691358171780621e-01,9.938691358171780621e-01,7.596388211532456580e-01,7.596388211532456580e-01,7.596388211532456580e-01,7.596388211532456580e-01,7.596388211532456580e-01
1.551413049639427300e+01,1.551413049639427300e+01,2.286020042810037012e+00,2.286020042810037012e+00,2.286020042810037012e+00,2.286020042810037012e+00,2.286020042810037012e+00,2.286020042810037012e+00,2.286020042810037012e+00,2.286020042810037012e+00,2.286020042810037012e+00,2.286020042810037012e+00,2.286020042810037012e+00,2.286020042810037012e+00,2.286020042810037012e+00,2.286020042810037012e+00,2.286020042810037012e+00,2.286020042810037012e+00,2.286020042810037012e+00,2.286020042810037012e+00,1.469233080107713363e+00
2.532226537349927753e+00,2.532226537349927753e+00,2.532226537349927753e+00,2.532226537349927753e+00,2.532226537349927753e+00,2.532226537349927753e+00,2.532226537349927753e+00,2.532226537349927753e+00,1.668732184185131473e+00,1.668732184185131473e+00,1.668732184185131473e+00,1.668732184185131473e+00,1.668732184185131473e+00,1.668732184185131473e+00,1.668732184185131473e+00,1.668732184185131473e+00,1.668732184185131473e+00,1.668732184185131473e+00,1.668732184185131473e+00,1.668732184185131473e+00,1.668732184185131473e+00
2.499512007542094238e+00,2.499512007542094238e+00,2.499512007542094238e+00,2.499512007542094238e+00,2.499512007542094238e+00,1.312014182862810685e-01,1.312014182862810685e-01,1.312014182862810685e-01,1.312014182862810685e-01,1.312014182862810685e-01,1.312014182862810685e-01,1.312014182862810685e-01,1.312014182862810685e-01,1.312014182862810685e-01,1.312014182862810685e-01,1.312014182862810685e-01,1.312014182862810685e-01,1.312014182862810685e-01,1.312014182862810685e-01,1.312014182862810685e-01,1.312014182862810685e-01
5.865096455221276983e-01,5.865096455221276983e-01,5.865096455221276983e-01,5.865096455221276983e-01,5.865096455221276983e-01,5.865096455221276983e-01,5.865096455221276983e-01,5.865096455221276983e-01,5.865096455221276983e-01,5.865096455221276983e-01,5.865096455221276983e-01,5.865096455221276983e-01,5.865096455221276983e-01,7.897146706503122005e-02,7.897146706503122005e-02,7.897146706503122005e-02,7.897146706503122005e-02,7.897146706503122005e-02,7.897146706503122005e-02,7.897146706503122005e-02,7.897146706503122005e-02
1.028825199428523263e+01,1.028825199428523263e+01,1.028825199428523263e+01,1.028825199428523263e+01,1.028825199428523263e+01,1.028825199428523263e+01,9.786368480989253271e+00,5.472898581528852446e+00,5.472898581528852446e+00,2.881017712981304157e-02,2.881017712981304157e-02,2.881017712981304157e-02,2.881017712981304157e-02,2.881017712981304157e-02,2.881017712981304157e-02,2.881017712981304157e-02,2.881017712981304157e-02,2.881017712981304157e-02,2.881017712981304157e-02,2.881017712981304157e-02,2.881017712981304157e-02
1.511124584903026857e+01,1.511124584903026857e+01,1.511124584903026857e+01,2.227200922238623093e+00,2.227200922238623093e+00,2.227200922238623093e+00,2.227200922238623093e+00,1.092147018741059128e+00,1.092147018741059128e+00,1.092147018741059128e+00,1.092147018741059128e+00,1.092147018741059128e+00,1.092147018741059128e+00,1.092147018741059128e+00,1.092147018741059128e+00,1.092147018741059128e+00,1.092147018741059128e+00,1.092147018741059128e+00,1.092147018741059128e+00,1.092147018741059128e+00,1.092147018741059128e+00
2.380412606450263979e+00,2.380412606450263979e+00,2.380412606450263979e+00,2.380412606450263979e+00,1.162512624084143908e+00,1.162512624084143908e+00,1.162512624084143908e+00,1.162512624084143908e+00,1.162512624084143908e+00,1.162512624084143908e+00,7.186485602408225759e-01,7.186485602408225759e-01,7.186485602408225759e-01,7.186485602408225759e-01,7.186485602408225759e-01,7.186485602408225759e-01,7.186485602408225759e-01,7.186485602408225759e-01,7.186485602408225759e-01,7.186485602408225759e-01,7.186485602408225759e-01
2.708285230052538850e+01,2.708285230052538850e+01,7.733904815589355053e+00,3.479696479319883906e+00,3.479696479319883906e+00,3.479696479319883906e+00,3.479696479319883906e+00,3.479696479319883906e+00,3.479696479319883906e+00,3.479696479319883906e+00,3.479696479319883906e+00,3.479696479319883906e+00,3.479696479319883906e+00,3.479696479319883906e+00,3.479696479319883906e+00,3.479696479319883906e+00,3.479696479319883906e+00,3.479696479319883906e+00,3.479696479319883906e+00,3.257389260826627719e+00,3.257389260826627719e+00
1.251566680872103632e+01,1.251566680872103632e+01,6.535278754909384702e+00,1.173299020333686826e+00,1.173299020333686826e+00,1.173299020333686826e+00,1.173299020333686826e+00,1.173299020333686826e+00,1.173299020333686826e+00,1.173299020333686826e+00,1.173299020333686826e+00,1.173299020333686826e+00,1.173299020333686826e+00,1.173299020333686826e+00,1.173299020333686826e+00,1.173299020333686826e+00,1.173299020333686826e+00,1.173299020333686826e+00,1.173299020333686826e+00,1.173299020333686826e+00,1.173299020333686826e+00
6.561466345229590047e+00,6.211758694169944306e+00,6.211758694169944306e+00,6.211758694169944306e+00,6.211758694169944306e+00,2.174947936896813871e-01,2.174947936896813871e-01,2.174947936896813871e-01,2.174947936896813871e-01,2.174947936896813871e-01,2.174947936896813871e-01,2.174947936896813871e-01,2.174947936896813871e-01,2.174947936896813871e-01,2.174947936896813871e-01,1.064434535885538935e-02,1.064434535885538935e-02,1.064434535885538935e-02,1.064434535885538935e-02,1.064434535885538935e-02,1.064434535885538935e-02
6.877875001534548005e+00,6.877875001534548005e+00,5.721275450482082192e+00,5.721275450482082192e+00,5.721275450482082192e+00,5.721275450482082192e+00,5.721275450482082192e+00,5.721275450482082192e+00,4.780253664181401518e+00,4.780253664181401518e+00,4.780253664181401518e+00,2.148412430830589415e+00,2.148412430830589415e+00,2.148412430830589415e+00,2.148412430830589415e+00,2.148412430830589415e+00,2.148412430830589415e+00,2.148412430830589415e+00,1.257249289767685241e+00,1.257249289767685241e+00,1.257249289767685241e+00
5.986996864018436781e-01,5.986996864018436781e-01,5.986996864018436781e-01,5.986996864018436781e-01,5.986996864018436781e-01,5.986996864018436781e-01,5.986996864018436781e-01,5.986996864018436781e-01,5.986996864018436781e-01,5.986996864018436781e-01,5.986996864018436781e-01,5.986996864018436781e-01,5.986996864018436781e-01,5.986996864018436781e-01,5.986996864018436781e-01,5.986996864018436781e-01,5.986996864018436781e-01,5.986996864018436781e-01,5.986996864018436781e-01,5.986996864018436781e-01,5.986996864018436781e-01
1.709089993163834720e+01,1.102210400084159403e+01,1.102210400084159403e+01,1.102210400084159403e+01,1.102210400084159403e+01,1.102210400084159403e+01,1.102210400084159403e+01,1.465799796102771779e+00,1.465799796102771779e+00,1.465799796102771779e+00,1.465799796102771779e+00,1.465799796102771779e+00,1.465799796102771779e+00,1.465799796102771779e+00,1.465799796102771779e+00,1.465799796102771779e+00,1.465799796102771779e+00,1.465799796102771779e+00,1.465799796102771779e+00,1.465799796102771779e+00,1.465799796102771779e+00
1.270306684876325676e+01,1.226930644594852993e+01,3.022786410819648495e+00,3.022786410819648495e+00,3.022786410819648495e+00,3.022786410819648495e+00,3.022786410819648495e+00,3.022786410819648495e+00,3.022786410819648495e+00,5.811768458008543803e-01,5.811768458008543803e-01,5.811768458008543803e-01,5.811768458008543803e-01,5.811768458008543803e-01,5.811768458008543803e-01,5.811768458008543803e-01,5.811768458008543803e-01,5.811768458008543803e-01,5.811768458008543803e-01,5.811768458008543803e-01,5.811768458008543803e-01
1.344761826701116547e+00,7.668303363551558505e-01,7.668303363551558505e-01,7.668303363551558505e-01,7.668303363551558505e-01,7.668303363551558505e-01,7.668303363551558505e-01,7.668303363551558505e-01,7.668303363551558505e-01,7.668303363551558505e-01,7.668303363551558505e-01,7.668303363551558505e-01,7.668303363551558505e-01,7.668303363551558505e-01,7.668303363551558505e-01,7.668303363551558505e-01,7.668303363551558505e-01,7.668303363551558505e-01,7.668303363551558505e-01,7.668303363551558505e-01,7.668303363551558505e-01
