1.513676229946395324e+01,2.688759024567843881e+00,2.688759024567843881e+00,2.688759024567843881e+00,3.441889163877931423e-01,3.441889163877931423e-01,3.441889163877931423e-01,3.441889163877931423e-01,3.441889163877931423e-01,3.441889163877931423e-01,3.441889163877931423e-01,3.441889163877931423e-01,3.441889163877931423e-01,3.441889163877931423e-01,3.441889163877931423e-01,3.441889163877931423e-01,3.441889163877931423e-01,3.441889163877931423e-01,3.441889163877931423e-01,3.441889163877931423e-01,3.441889163877931423e-01
1.948512006289820420e+01,6.909347082155363751e+00,6.909347082155363751e+00,6.909347082155363751e+00,6.909347082155363751e+00,6.909347082155363751e+00,6.909347082155363751e+00,3.636558068157683010e+00,3.636558068157683010e+00,3.636558068157683010e+00,3.636558068157683010e+00,3.636558068157683010e+00,3.636558068157683010e+00,3.636558068157683010e+00,3.636558068157683010e+00,3.636558068157683010e+00,3.636558068157683010e+00,3.636558068157683010e+00,3.636558068157683010e+00,3.530911006537280628e+00,3.530911006537280628e+00
6.802468539619439980e+00,6.802468539619439980e+00,9.482309394061303465e-01,9.482309394061303465e-01,9.482309394061303465e-01,9.482309394061303465e-01,9.482309394061303465e-01,9.482309394061303465e-01,9.482309394061303465e-01,9.482309394061303465e-01,9.482309394061303465e-01,9.482309394061303465e-01,9.482309394061303465e-01,9.482309394061303465e-01,9.482309394061303465e-01,9.482309394061303465e-01,9.482309394061303465e-01,9.482309394061303465e-01,9.482309394061303465e-01,9.482309394061303465e-01,9.482309394061303465e-01
1.434859887684797286e+01,1.434859784113905334e+01,1.434859784113905334e+01,1.434859784113905334e+01,1.434859784113905334e+01,1.434859784113905334e+01,1.434859784113905334e+01,1.434859784113905334e+01,1.028450235762284137e+01,1.028450235762284137e+01,1.028450235762284137e+01,8.032550103263929486e+00,2.005527530327526620e+00,3.613463638175744563e-01,3.613463638175744563e-01,3.613463638175744563e-01,3.613463638175744563e-01,3.613463638175744563e-01,3.613463638175744563e-01,3.613463638175744563e-01,3.613463638175744563e-01
3.067613505143526709e+00,3.067613505143526709e+00,3.067613505143526709e+00,2.673915768442384433e+00,2.673915768442384433e+00,2.673915768442384433e+00,2.673915768442384433e+00,2.673915768442384433e+00,2.673915768442384433e+00,2.673915768442384433e+00,2.673915768442384433e+00,2.673915768442384433e+00,2.673915768442384433e+00,2.673915768442384433e+00,2.673915768442384433e+00,2.299586513328904402e+00,8.469887503324571298e-01,8.469887503324571298e-01,8.469887503324571298e-01,8.469887503324571298e-01,8.469887503324571298e-01
1.551413049639450037e+01,1.551413049639450037e+01,1.551413049639450037e+01,1.413719829374531400e+01,1.413719829374531400e+01,1.413719829374531400e+01,1.017888574048265582e+01,1.214648873934493167e+00,1.214648873934493167e+00,1.214648873934493167e+00,1.214648873934493167e+00,1.214648873934493167e+00,1.214648873934493167e+00,1.214648873934493167e+00,1.214648873934493167e+00,1.214648873934493167e+00,1.214648873934493167e+00,1.214648873934493167e+00,1.214648873934493167e+00,1.214648873934493167e+00,1.214648873934493167e+00
2.532226537350652507e+00,2.532226537350652507e+00,2.532226537350652507e+00,2.532226537350652507e+00,2.532226537350652507e+00,2.532226537350652507e+00,2.532226537350652507e+00,2.532226537350652507e+00,2.532226537350652507e+00,2.532226537350652507e+00,2.532226537350652507e+00,2.532226537350652507e+00,2.532226537350652507e+00,2.532226537350652507e+00,2.532226537350652507e+00,2.532226537350652507e+00,2.532226537350652507e+00,2.532226537350652507e+00,2.532226537350652507e+00,2.532226537350652507e+00,2.532226537350652507e+00
2.499512007541852654e+00,2.499512007541852654e+00,2.499512007541852654e+00,2.499512007541852654e+00,2.499512007541852654e+00,2.499512007541852654e+00,2.499512007541852654e+00,2.499512007541852654e+00,2.499512007541852654e+00,2.499512007541852654e+00,2.499512007541852654e+00,2.499512007541852654e+00,2.499512007541852654e+00,2.499512007541852654e+00,2.499512007541852654e+00,2.499512007541852654e+00,2.499512007541852654e+00,2.499512007541852654e+00,9.761716882167092990e-01,9.761716882167092990e-01,9.761716882167092990e-01
5.865096455218008487e-01,5.865096455218008487e-01,5.865096455218008487e-01,5.865096455218008487e-01,5.865096455218008487e-01,5.865096455218008487e-01,2.407918501467065653e-01,2.407918501467065653e-01,8.898449627668014728e-02,8.898449627668014728e-02,8.898449627668014728e-02,8.898449627668014728e-02,8.898449627668014728e-02,8.898449627668014728e-02,8.898449627668014728e-02,8.898449627668014728e-02,8.898449627668014728e-02,8.898449627668014728e-02,8.898449627668014728e-02,8.898449627668014728e-02,8.898449627668014728e-02
1.028825199428501946e+01,1.028825199428501946e+01,4.590408105954338680e+00,4.590408105954338680e+00,4.590408105954338680e+00,4.590408105954338680e+00,4.590408105954338680e+00,4.590408105954338680e+00,3.069641173466152395e+00,6.443092106601397973e-01,6.443092106601397973e-01,6.443092106601397973e-01,6.443092106601397973e-01,6.443092106601397973e-01,6.443092106601397973e-01,6.443092106601397973e-01,6.443092106601397973e-01,6.443092106601397973e-01,6.443092106601397973e-01,6.443092106601397973e-01,6.443092106601397973e-01
1.511124584902972856e+01,1.511124584902972856e+01,1.508025225470919395e+01,1.508025225470919395e+01,2.025206976239132928e+00,2.025206976239132928e+00,2.025206976239132928e+00,2.025206976239132928e+00,2.025206976239132928e+00,2.025206976239132928e+00,2.025206976239132928e+00,2.025206976239132928e+00,2.025206976239132928e+00,2.025206976239132928e+00,2.025206976239132928e+00,2.025206976239132928e+00,2.025206976239132928e+00,2.025206976239132928e+00,2.025206976239132928e+00,2.025206976239132928e+00,2.025206976239132928e+00
2.380412606449681334e+00,2.380412606449681334e+00,2.380412606449681334e+00,2.380412606449681334e+00,2.380412606449681334e+00,2.380412606449681334e+00,2.380412606449681334e+00,2.380412606449681334e+00,2.380412606449681334e+00,2.380412606449681334e+00,2.380412606449681334e+00,2.380412606449681334e+00,2.380412606449681334e+00,5.700688625620387029e-02,5.700688625620387029e-02,5.700688625620387029e-02,5.700688625620387029e-02,5.700688625620387029e-02,5.700688625620387029e-02,5.700688625620387029e-02,5.700688625620387029e-02
2.708285230052570114e+01,2.705332631439523539e+01,2.705332631439523539e+01,1.283278125494143751e+01,1.283278125494143751e+01,1.283278125494143751e+01,1.283278125494143751e+01,1.283278125494143751e+01,1.283278125494143751e+01,1.283278125494143751e+01,2.505473622781209997e+00,1.225856649025445222e+00,1.225856649025445222e+00,1.225856649025445222e+00,1.225856649025445222e+00,1.225856649025445222e+00,1.225856649025445222e+00,6.126870275384135311e-01,6.126870275384135311e-01,6.126870275384135311e-01,6.126870275384135311e-01
1.251566680872019788e+01,1.251566680872019788e+01,1.251566680872019788e+01,1.251566680872019788e+01,2.415523562405724078e+00,2.415523562405724078e+00,2.415523562405724078e+00,2.415523562405724078e+00,2.415523562405724078e+00,2.415523562405724078e+00,2.415523562405724078e+00,2.415523562405724078e+00,2.415523562405724078e+00,2.415523562405724078e+00,2.415523562405724078e+00,2.415523562405724078e+00,2.415523562405724078e+00,2.415523562405724078e+00,2.415523562405724078e+00,2.415523562405724078e+00,2.415523562405724078e+00
6.561466345228836872e+00,6.561466345228836872e+00,5.966634242629879736e+00,5.966634242629879736e+00,5.966634242629879736e+00,5.966634242629879736e+00,5.966634242629879736e+00,5.966634242629879736e+00,5.966634242629879736e+00,5.966634242629879736e+00,2.860327497306570876e+00,2.860327497306570876e+00,2.860327497306570876e+00,2.860327497306570876e+00,2.860327497306570876e+00,2.860327497306570876e+00,2.860327497306570876e+00,2.860327497306570876e+00,2.860327497306570876e+00,2.860327497306570876e+00,2.860327497306570876e+00
6.877875001535358024e+00,5.176595163833553670e+00,5.176595163833553670e+00,5.176595163833553670e+00,1.284347205149970250e+00,1.284347205149970250e+00,1.284347205149970250e+00,1.284347205149970250e+00,1.284347205149970250e+00,1.284347205149970250e+00,1.284347205149970250e+00,1.284347205149970250e+00,1.284347205149970250e+00,1.284347205149970250e+00,1.284347205149970250e+00,1.284347205149970250e+00,1.284347205149970250e+00,1.284347205149970250e+00,1.066151922348581138e+00,3.546965652949438663e-01,3.546965652949438663e-01
5.986996864012326114e-01,5.986996864012326114e-01,5.986996864012326114e-01,5.986996864012326114e-01,5.986996864012326114e-01,5.986996864012326114e-01,5.986996864012326114e-01,5.986996864012326114e-01,5.986996864012326114e-01,5.986996864012326114e-01,5.986996864012326114e-01,5.986996864012326114e-01,5.986996864012326114e-01,5.986996864012326114e-01,5.986996864012326114e-01,5.986996864012326114e-01,5.986996864012326114e-01,5.986996864012326114e-01,5.986996864012326114e-01,5.986996864012326114e-01,5.986996864012326114e-01
1.709089993163797772e+01,2.413752859180021915e+00,2.413752859180021915e+00,2.413752859180021915e+00,2.413752859180021915e+00,2.413752859180021915e+00,2.413752859180021915e+00,2.413752859180021915e+00,2.413752859180021915e+00,2.413752859180021915e+00,2.413752859180021915e+00,2.413752859180021915e+00,2.413752859180021915e+00,2.413752859180021915e+00,2.413752859180021915e+00,2.413752859180021915e+00,2.413752859180021915e+00,2.413752859180021915e+00,1.095406443801039131e+00,1.095406443801039131e+00,1.095406443801039131e+00
1.270306684876413783e+01,8.016747053192375461e+00,6.192816491049597971e+00,1.712530348315340234e+00,1.712530348315340234e+00,1.712530348315340234e+00,1.712530348315340234e+00,1.712530348315340234e+00,1.712530348315340234e+00,1.712530348315340234e+00,1.712530348315340234e+00,1.712530348315340234e+00,1.712530348315340234e+00,1.712530348315340234e+00,1.712530348315340234e+00,1.712530348315340234e+00,1.385670093473891029e+00,1.385670093473891029e+00,1.385670093473891029e+00,1.385670093473891029e+00,1.385670093473891029e+00
1.344761826701869722e+00,1.344761826701869722e+00,1.344761826701869722e+00,1.002042907524810289e+00,6.555180500708956970e-01,6.555180500708956970e-01,6.555180500708956970e-01,6.555180500708956970e-01,6.555180500708956970e-01,6.555180500708956970e-01,6.555180500708956970e-01,6.555180500708956970e-01,6.555180500708956970e-01,6.555180500708956970e-01,6.555180500708956970e-01,6.555180500708956970e-01,6.555180500708956970e-01,6.555180500708956970e-01,1.242680656869197264e-01,1.242680656869197264e-01,1.242680656869197264e-01
