1.513676229946395324e+01,2.693987030066637089e+00,2.693987030066637089e+00,6.294956105684832437e-01,6.294956105684832437e-01,6.294956105684832437e-01,6.294956105684832437e-01,6.294956105684832437e-01,6.294956105684832437e-01,6.294956105684832437e-01,6.294956105684832437e-01,6.294956105684832437e-01,6.294956105684832437e-01,6.294956105684832437e-01,6.294956105684832437e-01,6.294956105684832437e-01,6.294956105684832437e-01,6.294956105684832437e-01,6.294956105684832437e-01,6.294956105684832437e-01,6.294956105684832437e-01
1.948512006289820420e+01,1.181519614019089204e+01,1.181519614019089204e+01,3.813283933162892936e+00,3.813283933162892936e+00,3.813283933162892936e+00,3.813283933162892936e+00,3.813283933162892936e+00,3.813283933162892936e+00,3.813283933162892936e+00,3.813283933162892936e+00,3.813283933162892936e+00,3.813283933162892936e+00,3.813283933162892936e+00,3.813283933162892936e+00,3.813283933162892936e+00,3.813283933162892936e+00,3.813283933162892936e+00,3.813283933162892936e+00,3.813283933162892936e+00,3.813283933162892936e+00
6.802468539619439980e+00,6.802468539619439980e+00,4.502067285999146407e+00,4.502067285999146407e+00,4.502067285999146407e+00,4.502067285999146407e+00,4.502067285999146407e+00,4.502067285999146407e+00,4.502067285999146407e+00,4.502067285999146407e+00,4.502067285999146407e+00,4.502067285999146407e+00,4.502067285999146407e+00,4.502067285999146407e+00,4.502067285999146407e+00,4.502067285999146407e+00,4.502067285999146407e+00,4.502067285999146407e+00,4.502067285999146407e+00,4.502067285999146407e+00,4.502067285999146407e+00
1.434859887684797286e+01,1.434859887684797286e+01,1.434859887684797286e+01,1.434859887684797286e+01,9.327942831945620128e+00,9.327942831945620128e+00,9.327942831945620128e+00,9.327942831945620128e+00,9.327942831945620128e+00,9.327942831945620128e+00,9.327942831945620128e+00,9.327942831945620128e+00,9.327942831945620128e+00,9.327942831945620128e+00,9.327942831945620128e+00,9.327942831945620128e+00,9.327942831945620128e+00,9.327942831945620128e+00,9.327942831945620128e+00,9.327942831945620128e+00,9.327942831945620128e+00
3.067613505143526709e+00,3.067613505143526709e+00,3.067613505143526709e+00,3.067613505143526709e+00,3.067613505143526709e+00,3.067613505143526709e+00,3.067613505143526709e+00,3.067613505143526709e+00,3.067613505143526709e+00,3.067613505143526709e+00,3.067613505143526709e+00,3.067613505143526709e+00,3.067613505143526709e+00,3.067613505143526709e+00,3.067613505143526709e+00,3.067613505143526709e+00,3.067613505143526709e+00,3.067613505143526709e+00,3.067613505143526709e+00,3.067613505143526709e+00,3.067613505143526709e+00
1.551413049639450037e+01,1.551413049639450037e+01,1.551413049639450037e+01,1.551413049639450037e+01,4.888451981572870864e+00,4.888451981572870864e+00,2.386506801121868193e-01,2.386506801121868193e-01,2.386506801121868193e-01,2.386506801121868193e-01,2.386506801121868193e-01,2.386506801121868193e-01,2.386506801121868193e-01,2.386506801121868193e-01,2.386506801121868193e-01,2.386506801121868193e-01,2.386506801121868193e-01,2.386506801121868193e-01,2.386506801121868193e-01,2.386506801121868193e-01,2.386506801121868193e-01
2.532226537350652507e+00,2.532226537350652507e+00,2.532226537350652507e+00,2.532226537350652507e+00,2.532226537350652507e+00,2.532226537350652507e+00,2.532226537350652507e+00,2.532226537350652507e+00,2.532226537350652507e+00,2.532226537350652507e+00,2.532226537350652507e+00,2.532226537350652507e+00,2.532226537350652507e+00,2.532226537350652507e+00,2.532226537350652507e+00,2.532226537350652507e+00,2.532226537350652507e+00,2.532226537350652507e+00,2.532226537350652507e+00,2.532226537350652507e+00,2.532226537350652507e+00
2.499512007541852654e+00,2.499512007541852654e+00,2.499512007541852654e+00,2.499512007541852654e+00,2.499512007541852654e+00,2.499512007541852654e+00,2.499512007541852654e+00,1.967947162542259321e+00,1.967947162542259321e+00,1.967947162542259321e+00,1.967947162542259321e+00,1.967947162542259321e+00,1.967947162542259321e+00,1.967947162542259321e+00,1.319890441780444235e+00,1.319890441780444235e+00,1.319890441780444235e+00,1.319890441780444235e+00,1.319890441780444235e+00,1.319890441780444235e+00,1.319890441780444235e+00
5.865096455218008487e-01,5.865096455218008487e-01,5.865096455218008487e-01,5.865096455218008487e-01,5.865096455218008487e-01,5.865096455218008487e-01,5.865096455218008487e-01,5.865096455218008487e-01,5.865096455218008487e-01,5.865096455218008487e-01,5.865096455218008487e-01,5.865096455218008487e-01,5.865096455218008487e-01,5.865096455218008487e-01,5.865096455218008487e-01,5.865096455218008487e-01,5.865096455218008487e-01,5.865096455218008487e-01,5.865096455218008487e-01,5.865096455218008487e-01,5.865096455218008487e-01
1.028825199428501946e+01,1.028825199428501946e+01,7.487879459535179194e+00,7.487879459535179194e+00,7.487879459535179194e+00,7.487879459535179194e+00,3.826406781594414497e+00,3.826406781594414497e+00,3.826406781594414497e+00,3.826406781594414497e+00,3.826406781594414497e+00,1.106623681862402009e+00,1.106623681862402009e+00,1.106623681862402009e+00,1.106623681862402009e+00,1.106623681862402009e+00,1.106623681862402009e+00,1.106623681862402009e+00,1.106623681862402009e+00,1.106623681862402009e+00,1.106623681862402009e+00
1.511124584902972856e+01,1.511124584902972856e+01,1.511124584902972856e+01,1.511124584902972856e+01,1.511124584902972856e+01,1.511124584902972856e+01,1.026511055581977416e+01,1.026511055581977416e+01,1.026511055581977416e+01,1.026511055581977416e+01,1.026511055581977416e+01,1.026511055581977416e+01,1.026511055581977416e+01,1.026511055581977416e+01,7.317230606258817716e+00,7.317230606258817716e+00,7.317230606258817716e+00,7.317230606258817716e+00,7.317230606258817716e+00,7.317230606258817716e+00,7.317230606258817716e+00
2.380412606449681334e+00,2.380412606449681334e+00,2.380412606449681334e+00,2.380412606449681334e+00,2.380412606449681334e+00,2.380412606449681334e+00,2.380412606449681334e+00,2.380412606449681334e+00,2.380412606449681334e+00,2.380412606449681334e+00,2.380412606449681334e+00,2.380412606449681334e+00,2.380412606449681334e+00,2.380412606449681334e+00,2.380412606449681334e+00,2.380412606449681334e+00,2.380412606449681334e+00,2.380412606449681334e+00,2.380412606449681334e+00,2.380412606449681334e+00,2.380412606449681334e+00
2.708285230052570114e+01,2.708285230052570114e+01,1.970967695646322682e+00,1.970967695646322682e+00,1.326615707630480756e+00,1.326615707630480756e+00,1.326615707630480756e+00,1.326615707630480756e+00,1.326615707630480756e+00,1.326615707630480756e+00,1.326615707630480756e+00,1.326615707630480756e+00,1.326615707630480756e+00,1.326615707630480756e+00,1.326615707630480756e+00,1.326615707630480756e+00,1.326615707630480756e+00,1.326615707630480756e+00,1.326615707630480756e+00,1.326615707630480756e+00,1.326615707630480756e+00
1.251566680872019788e+01,1.251566680872019788e+01,1.251566680872019788e+01,1.251566680872019788e+01,1.251566680872019788e+01,1.929898288268304896e+00,1.929898288268304896e+00,1.929898288268304896e+00,1.929898288268304896e+00,9.432711385998118203e-01,9.432711385998118203e-01,9.432711385998118203e-01,9.432711385998118203e-01,9.432711385998118203e-01,9.432711385998118203e-01,9.432711385998118203e-01,9.432711385998118203e-01,9.432711385998118203e-01,9.432711385998118203e-01,9.432711385998118203e-01,9.432711385998118203e-01
6.561466345228836872e+00,6.561466345228836872e+00,6.561466345228836872e+00,6.561466345228836872e+00,6.561466345228836872e+00,6.561466345228836872e+00,6.561466345228836872e+00,1.646669137075150502e+00,1.646669137075150502e+00,1.646669137075150502e+00,1.646669137075150502e+00,1.646669137075150502e+00,1.646669137075150502e+00,1.646669137075150502e+00,1.646669137075150502e+00,1.646669137075150502e+00,1.646669137075150502e+00,1.646669137075150502e+00,1.646669137075150502e+00,1.646669137075150502e+00,1.646669137075150502e+00
6.877875001535358024e+00,6.580404292591992998e+00,6.580404292591992998e+00,6.580404292591992998e+00,6.580404292591992998e+00,6.580404292591992998e+00,2.209108966289932141e-01,2.209108966289932141e-01,2.209108966289932141e-01,2.209108966289932141e-01,2.209108966289932141e-01,2.209108966289932141e-01,2.209108966289932141e-01,2.209108966289932141e-01,2.209108966289932141e-01,2.209108966289932141e-01,2.209108966289932141e-01,2.209108966289932141e-01,2.209108966289932141e-01,2.209108966289932141e-01,2.209108966289932141e-01
5.986996864012326114e-01,5.986996864012326114e-01,5.986996864012326114e-01,5.986996864012326114e-01,5.986996864012326114e-01,5.986996864012326114e-01,5.986996864012326114e-01,5.986996864012326114e-01,5.986996864012326114e-01,5.986996864012326114e-01,5.986996864012326114e-01,5.986996864012326114e-01,5.986996864012326114e-01,5.986996864012326114e-01,5.986996864012326114e-01,5.986996864012326114e-01,5.986996864012326114e-01,5.986996864012326114e-01,5.986996864012326114e-01,5.986996864012326114e-01,5.986996864012326114e-01
1.709089993163797772e+01,3.032424740087662940e+00,3.032424740087662940e+00,3.032424740087662940e+00,3.032424740087662940e+00,3.032424740087662940e+00,3.032424740087662940e+00,3.032424740087662940e+00,3.032424740087662940e+00,3.032424740087662940e+00,3.032424740087662940e+00,3.032424740087662940e+00,3.032424740087662940e+00,3.032424740087662940e+00,3.032424740087662940e+00,3.032424740087662940e+00,3.032424740087662940e+00,3.032424740087662940e+00,3.032424740087662940e+00,7.938112210104009137e-02,7.938112210104009137e-02
1.270306684876413783e+01,9.579771549606448389e+00,1.058875016144156689e+00,1.058875016144156689e+00,1.058875016144156689e+00,1.058875016144156689e+00,1.058875016144156689e+00,1.058875016144156689e+00,1.058875016144156689e+00,1.058875016144156689e+00,1.058875016144156689e+00,1.058875016144156689e+00,1.058875016144156689e+00,1.058875016144156689e+00,1.058875016144156689e+00,1.058875016144156689e+00,1.058875016144156689e+00,1.058875016144156689e+00,1.058875016144156689e+00,1.058875016144156689e+00,1.058875016144156689e+00
1.344761826701869722e+00,1.344761826701869722e+00,1.344761826701869722e+00,1.344761826701869722e+00,1.344761826701869722e+00,1.344761826701869722e+00,1.344761826701869722e+00,1.344761826701869722e+00,1.344761826701869722e+00,1.344761826701869722e+00,1.344761826701869722e+00,1.344761826701869722e+00,1.344761826701869722e+00,1.344761826701869722e+00,1.344761826701869722e+00,1.344761826701869722e+00,1.344761826701869722e+00,1.344761826701869722e+00,1.344761826701869722e+00,1.344761826701869722e+00,1.344761826701869722e+00
