1.513676229946356067e+01,2.688759039985407551e+00,2.688759039985407551e+00,1.304255225965104681e-01,1.304255225965104681e-01,1.304255225965104681e-01,1.304255225965104681e-01,1.304255225965104681e-01,1.304255225965104681e-01,1.304255225965104681e-01,1.304255225965104681e-01,1.304255225965104681e-01,1.304255225965104681e-01,1.304255225965104681e-01,1.304255225965104681e-01,1.304255225965104681e-01,1.304255225965104681e-01,1.304255225965104681e-01,1.304255225965104681e-01,1.304255225965104681e-01,1.304255225965104681e-01
1.948512006289873000e+01,6.909347082155822051e+00,6.909347082155822051e+00,6.909347082155822051e+00,3.620066073905363169e+00,3.620066073905363169e+00,3.620066073905363169e+00,3.620066073905363169e+00,2.214971851031835914e+00,3.815743123744133047e-01,3.815743123744133047e-01,3.815743123744133047e-01,3.815743123744133047e-01,3.815743123744133047e-01,3.815743123744133047e-01,3.815743123744133047e-01,3.815743123744133047e-01,3.815743123744133047e-01,6.590310054242837223e-02,6.590310054242837223e-02,6.590310054242837223e-02
6.802468539619835219e+00,6.802468539619835219e+00,6.802468539619835219e+00,4.721921840304062812e+00,4.721921840304062812e+00,1.154794372308043035e-02,1.154794372308043035e-02,1.154794372308043035e-02,1.154794372308043035e-02,1.154794372308043035e-02,1.154794372308043035e-02,1.154794372308043035e-02,1.035821910676786896e-02,1.035821910676786896e-02,1.035821910676786896e-02,1.035821910676786896e-02,1.035821910676786896e-02,1.035821910676786896e-02,1.035821910676786896e-02,1.035821910676786896e-02,1.035821910676786896e-02
1.434859887684804924e+01,1.434859822903217186e+01,1.434859783110980125e+01,1.434859783110980125e+01,1.434859783110980125e+01,1.434859658476543487e+01,1.434859421506687838e+01,1.434859421506687838e+01,1.434859421506687838e+01,1.434859421506687838e+01,1.434859421506687838e+01,1.434859421506687838e+01,1.434859421506687838e+01,1.434859421506687838e+01,1.434859150087270940e+01,1.434858665063063832e+01,1.434858283423865366e+01,1.434858283423865366e+01,1.434756360426896471e+01,1.434531221370610687e+01,1.434531221370610687e+01
3.067613505143035102e+00,3.067613505143035102e+00,3.067613505143035102e+00,3.067613505143035102e+00,3.067613505143035102e+00,3.067613505143035102e+00,3.067613505143035102e+00,3.067613505143035102e+00,3.067613505143035102e+00,3.067613505143035102e+00,2.560497511391546244e-01,2.560497511391546244e-01,2.560497511391546244e-01,2.560497511391546244e-01,2.560497511391546244e-01,2.560497511391546244e-01,1.712501585637178081e-01,1.585125013241440173e-01,1.585125013241440173e-01,1.575954649213525127e-01,1.569234331128876725e-01
1.551413049639426944e+01,1.551413049639426944e+01,1.551413049639426944e+01,1.551413049639426944e+01,9.153367045287048143e+00,9.153367045287048143e+00,9.153367045287048143e+00,9.153367045287048143e+00,2.316074259020790560e+00,1.577055170048533128e+00,1.293535510050123349e+00,1.117633066239829720e+00,9.007417464274670715e-01,5.355378243869879373e-01,3.396909792712670684e-01,3.236406727023083962e-01,3.231309915528801646e-01,3.231309915528801646e-01,3.228270615765755913e-01,3.226010755679920572e-01,3.223162258011083581e-01
2.532226537349921536e+00,2.532226537349921536e+00,2.532226537349921536e+00,2.532226537349921536e+00,2.532226537349921536e+00,2.532226537349921536e+00,1.830948924716339965e+00,1.830948924716339965e+00,1.830948924716339965e+00,1.830948924716339965e+00,1.830948924716339965e+00,1.830948924716339965e+00,1.830948924716339965e+00,1.830948924716339965e+00,1.830948924716339965e+00,1.661038831448767628e+00,1.661038831448767628e+00,1.661038831448767628e+00,1.661038831448767628e+00,1.661038831448767628e+00,1.661038831448767628e+00
2.499512007542088909e+00,2.499512007542088909e+00,2.499512007542088909e+00,2.499512007542088909e+00,2.499512007542088909e+00,2.499512007542088909e+00,1.711032081731591825e+00,1.711032081731591825e+00,1.711032081731591825e+00,1.711032081731591825e+00,9.644125448392159017e-01,9.611831884544592697e-01,6.615636640572217786e-01,6.615636640572217786e-01,5.581578722562915429e-01,5.061588945345032453e-01,4.812443496754871819e-01,4.668896572127896327e-01,4.570046717880749121e-01,4.496912894397163130e-01,4.443881591495668637e-01
5.865096455221217031e-01,5.865096455221217031e-01,5.865096455221217031e-01,5.865096455221217031e-01,5.865096455221217031e-01,5.865096455221217031e-01,5.865096455221217031e-01,5.865096455221217031e-01,2.984885508200385562e-01,1.052151724304762614e-01,1.052151724304762614e-01,1.052151724304762614e-01,1.019064772742413472e-01,1.013755725662488921e-01,1.013755725662488921e-01,1.000621698031529810e-01,1.000621698031529810e-01,1.000621698031529810e-01,9.851591584780972077e-02,9.851591584780972077e-02,9.794072543812823439e-02
1.028825199428522907e+01,1.028825199428522907e+01,1.028825199428522907e+01,1.028825199428522907e+01,8.584364200321726202e+00,8.584364200321726202e+00,3.518157871936571923e-01,3.518157871936571923e-01,3.302323059664491467e-01,3.076643962113194686e-01,2.861485453562019332e-01,2.670442267867366715e-01,2.526979981452281421e-01,2.438743854171940562e-01,2.389979056920432665e-01,2.367889988300524717e-01,2.353169332560895444e-01,2.353169332560895444e-01,2.350609777026302916e-01,2.350609777026302916e-01,2.336826686424993416e-01
1.511124584903027213e+01,1.511124584903027213e+01,1.511124584903027213e+01,7.846086154694479120e+00,7.410343756795258585e+00,7.410343756795258585e+00,7.410343756795258585e+00,7.410343756795258585e+00,7.410343756795258585e+00,7.410343756795258585e+00,6.485426853909379119e+00,5.739546759171057388e+00,4.156026166277420941e+00,1.169181036153622788e+00,1.169181036153622788e+00,1.169181036153622788e+00,1.169181036153622788e+00,1.169181036153622788e+00,1.169181036153622788e+00,1.169181036153622788e+00,1.169181036153622788e+00
2.380412606450262647e+00,2.380412606450262647e+00,2.380412606450262647e+00,2.380412606450262647e+00,2.380412606450262647e+00,2.380412606450262647e+00,2.380412606450262647e+00,4.970473943956214558e-01,3.759519011860803506e-01,3.419372509503971758e-01,3.330659837458377348e-01,3.286279950873818856e-01,3.265427116138108210e-01,3.254564513800468628e-01,3.243668741753137907e-01,3.241260975178428261e-01,3.235042179957335895e-01,3.233721281080597643e-01,3.233721281080597643e-01,3.229111240979762876e-01,3.229111240979762876e-01
2.708285230052538495e+01,2.705333008398740446e+01,2.679750864565423285e+01,1.930388636750112497e+01,1.532778516927781354e+01,1.762498276236159844e+00,1.762498276236159844e+00,6.297564117061638100e-01,6.297564117061638100e-01,6.297564117061638100e-01,6.297564117061638100e-01,6.297564117061638100e-01,6.297564117061638100e-01,6.297564117061638100e-01,4.943503247561951697e-01,4.929520168416318682e-01,4.918738180202159582e-01,4.909736933295395511e-01,4.900736427797354189e-01,4.892796163240835661e-01,4.884917441100816715e-01
1.251566680872103809e+01,1.251566680872103809e+01,1.251566680872103809e+01,1.242544063000793031e+01,1.242544063000793031e+01,6.576164882182766291e+00,4.027941000351036749e+00,1.114928031182313761e+00,1.102205305857406836e+00,1.102205305857406836e+00,1.102205305857406836e+00,1.102205305857406836e+00,1.102205305857406836e+00,1.102205305857406836e+00,1.102205305857406836e+00,1.102205305857406836e+00,1.102205305857406836e+00,1.102205305857406836e+00,1.102205305857406836e+00,1.102205305857406836e+00,1.102205305857406836e+00
6.561466345229590047e+00,6.561466345229590047e+00,3.770913152897686249e+00,3.770913152897686249e+00,2.314204029413533259e-01,2.314204029413533259e-01,2.314204029413533259e-01,1.323236739554057850e-01,6.430796737423566389e-02,5.642409876756537823e-02,5.642409876756537823e-02,5.642409876756537823e-02,5.642409876756537823e-02,5.642409876756537823e-02,5.642409876756537823e-02,5.642409876756537823e-02,5.642409876756537823e-02,5.642409876756537823e-02,5.642409876756537823e-02,5.642409876756537823e-02,5.642409876756537823e-02
6.877875001534549781e+00,5.176597828537140344e+00,5.176597828537140344e+00,5.176597828537140344e+00,5.176597828537140344e+00,2.571351032095131384e+00,2.571351032095131384e+00,1.624945809952335285e+00,1.565775790561524605e+00,1.539137469457989571e+00,1.519495442689897224e+00,1.500516739018413315e+00,1.484028181373717725e+00,1.466948574849022968e+00,1.445691789789718129e+00,1.429880194263916993e+00,1.407213386537441657e+00,1.384072746056451031e+00,1.355927431899342395e+00,1.327121526808269891e+00,1.296702928446897385e+00
5.986996864018441222e-01,5.986996864018441222e-01,6.071378876702994420e-02,6.071378876702994420e-02,6.071378876702994420e-02,6.071378876702994420e-02,6.071378876702994420e-02,6.071378876702994420e-02,6.071378876702994420e-02,6.071378876702994420e-02,6.071378876702994420e-02,6.071378876702994420e-02,6.071378876702994420e-02,6.071378876702994420e-02,6.071378876702994420e-02,6.071378876702994420e-02,6.071378876702994420e-02,6.071378876702994420e-02,6.071378876702994420e-02,6.071378876702994420e-02,6.071378876702994420e-02
1.709089993163834009e+01,2.413752859180796406e+00,2.413752859180796406e+00,2.413752859180796406e+00,2.270328181020127012e+00,2.022048373768515539e+00,2.004712974752569821e+00,1.990618690703718219e+00,1.977299550642293458e+00,1.964908141038945288e+00,1.952388261284950577e+00,1.938643206493140481e+00,1.924638639236444959e+00,1.908403829411450925e+00,1.888851209041432000e+00,1.865816289788181148e+00,1.837650636812003802e+00,1.800343046900860777e+00,1.751175879828279935e+00,1.683623859194758321e+00,1.593159825295106025e+00
1.270306684876325498e+01,8.016746985839978024e+00,5.054963628452968649e+00,5.054963628452968649e+00,5.054963628452968649e+00,5.054963628452968649e+00,5.054963628452968649e+00,5.030643539515069484e+00,5.029802701703700585e+00,5.028106810941072702e+00,5.026142213241733714e+00,5.023567482794154770e+00,5.020749826017786965e+00,5.018239974687615401e+00,5.015485956220150143e+00,5.012579068315736741e+00,5.010139017517698079e+00,5.007552635710148969e+00,5.005751344390893642e+00,5.002990106168843099e+00,5.000740906976203881e+00
1.344761826701116325e+00,1.344761826701116325e+00,2.498165702062939419e-01,1.927255288576243050e-02,1.927255288576243050e-02,1.927255288576243050e-02,1.927255288576243050e-02,1.927255288576243050e-02,1.927255288576243050e-02,1.927255288576243050e-02,1.927255288576243050e-02,1.927255288576243050e-02,1.927255288576243050e-02,1.927255288576243050e-02,1.927255288576243050e-02,1.927255288576243050e-02,1.927255288576243050e-02,1.927255288576243050e-02,1.927255288576243050e-02,1.927255288576243050e-02,1.927255288576243050e-02
