1.513676229946356067e+01,2.652602276375274126e+00,2.652602276375274126e+00,9.089140230583088176e-01,9.089140230583088176e-01,9.089140230583088176e-01,9.089140230583088176e-01,9.089140230583088176e-01,9.089140230583088176e-01,9.089140230583088176e-01,9.089140230583088176e-01,9.089140230583088176e-01,9.089140230583088176e-01,9.089140230583088176e-01,9.089140230583088176e-01,9.089140230583088176e-01,9.089140230583088176e-01,9.089140230583088176e-01,9.089140230583088176e-01,9.089140230583088176e-01,9.089140230583088176e-01
1.948512006289873000e+01,6.892805608807462292e+00,6.892805608807462292e+00,5.102016609459498753e+00,5.102016609459498753e+00,5.102016609459498753e+00,5.102016609459498753e+00,5.102016609459498753e+00,5.102016609459498753e+00,5.102016609459498753e+00,5.102016609459498753e+00,5.102016609459498753e+00,5.102016609459498753e+00,5.102016609459498753e+00,4.561296594510921842e+00,4.561296594510921842e+00,4.561296594510921842e+00,4.561296594510921842e+00,4.561296594510921842e+00,4.561296594510921842e+00,4.561296594510921842e+00
6.802468539619835219e+00,6.802468539619835219e+00,4.451256851133096326e+00,4.451256851133096326e+00,4.451256851133096326e+00,4.451256851133096326e+00,4.451256851133096326e+00,4.451256851133096326e+00,4.451256851133096326e+00,4.451256851133096326e+00,4.451256851133096326e+00,4.451256851133096326e+00,4.451256851133096326e+00,4.451256851133096326e+00,4.451256851133096326e+00,4.451256851133096326e+00,4.451256851133096326e+00,4.451256851133096326e+00,4.451256851133096326e+00,4.451256851133096326e+00,4.451256851133096326e+00
1.434859887684804924e+01,1.434859887684804924e+01,1.434859887684804924e+01,1.434859887684804924e+01,9.337096913302922019e+00,9.337096913302922019e+00,9.337096913302922019e+00,9.337096913302922019e+00,9.337096913302922019e+00,9.337096913302922019e+00,9.337096913302922019e+00,9.337096913302922019e+00,9.337096913302922019e+00,9.337096913302922019e+00,9.337096913302922019e+00,9.337096913302922019e+00,9.337096913302922019e+00,9.337096913302922019e+00,9.337096913302922019e+00,9.337096913302922019e+00,9.337096913302922019e+00
3.067613505143035102e+00,3.067613505143035102e+00,3.067613505143035102e+00,3.067613505143035102e+00,3.067613505143035102e+00,3.067613505143035102e+00,3.067613505143035102e+00,3.067613505143035102e+00,3.067613505143035102e+00,3.067613505143035102e+00,3.067613505143035102e+00,3.067613505143035102e+00,3.067613505143035102e+00,3.067613505143035102e+00,3.067613505143035102e+00,3.067613505143035102e+00,3.067613505143035102e+00,3.067613505143035102e+00,3.067613505143035102e+00,3.067613505143035102e+00,3.067613505143035102e+00
1.551413049639426944e+01,1.551413049639426944e+01,1.551413049639426944e+01,1.394540929044925548e+01,1.394540929044925548e+01,2.801301809933335107e+00,2.801301809933335107e+00,2.801301809933335107e+00,2.801301809933335107e+00,2.801301809933335107e+00,2.801301809933335107e+00,2.801301809933335107e+00,2.801301809933335107e+00,2.801301809933335107e+00,2.801301809933335107e+00,2.801301809933335107e+00,2.801301809933335107e+00,2.801301809933335107e+00,2.801301809933335107e+00,2.801301809933335107e+00,2.801301809933335107e+00
2.532226537349921536e+00,2.532226537349921536e+00,2.532226537349921536e+00,2.532226537349921536e+00,2.532226537349921536e+00,2.532226537349921536e+00,2.532226537349921536e+00,2.532226537349921536e+00,2.532226537349921536e+00,2.532226537349921536e+00,2.532226537349921536e+00,2.532226537349921536e+00,2.532226537349921536e+00,2.532226537349921536e+00,2.532226537349921536e+00,2.532226537349921536e+00,2.532226537349921536e+00,2.532226537349921536e+00,2.532226537349921536e+00,2.532226537349921536e+00,2.532226537349921536e+00
2.499512007542088909e+00,2.499512007542088909e+00,2.499512007542088909e+00,2.499512007542088909e+00,2.499512007542088909e+00,2.499512007542088909e+00,2.499512007542088909e+00,2.499512007542088909e+00,2.499512007542088909e+00,2.499512007542088909e+00,2.499512007542088909e+00,2.499512007542088909e+00,2.478200240575427316e+00,2.478200240575427316e+00,2.478200240575427316e+00,2.478200240575427316e+00,2.478200240575427316e+00,2.478200240575427316e+00,2.478200240575427316e+00,2.478200240575427316e+00,2.478200240575427316e+00
5.865096455221217031e-01,5.865096455221217031e-01,5.865096455221217031e-01,5.865096455221217031e-01,5.865096455221217031e-01,5.865096455221217031e-01,5.865096455221217031e-01,5.865096455221217031e-01,5.865096455221217031e-01,5.865096455221217031e-01,5.865096455221217031e-01,5.865096455221217031e-01,5.865096455221217031e-01,5.865096455221217031e-01,5.865096455221217031e-01,5.865096455221217031e-01,5.865096455221217031e-01,5.865096455221217031e-01,5.865096455221217031e-01,5.865096455221217031e-01,5.865096455221217031e-01
1.028825199428522907e+01,1.028825199428522907e+01,7.484148710618143241e+00,7.484148710618143241e+00,7.484148710618143241e+00,7.484148710618143241e+00,7.484148710618143241e+00,7.484148710618143241e+00,2.397525937869017909e+00,2.397525937869017909e+00,2.397525937869017909e+00,2.397525937869017909e+00,7.133816846946989809e-01,7.133816846946989809e-01,7.133816846946989809e-01,7.133816846946989809e-01,7.133816846946989809e-01,7.133816846946989809e-01,7.133816846946989809e-01,7.133816846946989809e-01,7.133816846946989809e-01
1.511124584903027213e+01,1.511124584903027213e+01,2.644569289480908303e+00,2.644569289480908303e+00,2.644569289480908303e+00,2.644569289480908303e+00,2.644569289480908303e+00,2.644569289480908303e+00,1.489533314727622404e+00,1.489533314727622404e+00,1.489533314727622404e+00,1.489533314727622404e+00,1.489533314727622404e+00,1.489533314727622404e+00,1.489533314727622404e+00,1.489533314727622404e+00,1.489533314727622404e+00,1.489533314727622404e+00,1.489533314727622404e+00,1.489533314727622404e+00,1.489533314727622404e+00
2.380412606450262647e+00,2.380412606450262647e+00,2.380412606450262647e+00,2.380412606450262647e+00,2.380412606450262647e+00,2.380412606450262647e+00,2.380412606450262647e+00,2.380412606450262647e+00,2.380412606450262647e+00,2.380412606450262647e+00,2.380412606450262647e+00,2.380412606450262647e+00,2.380412606450262647e+00,2.380412606450262647e+00,2.380412606450262647e+00,2.380412606450262647e+00,2.380412606450262647e+00,2.380412606450262647e+00,9.225792869643546779e-02,9.225792869643546779e-02,9.225792869643546779e-02
2.708285230052538495e+01,2.708285230052538495e+01,1.970964250556603403e+00,1.970964250556603403e+00,1.326590962101745319e+00,1.326590962101745319e+00,1.326590962101745319e+00,1.326590962101745319e+00,1.326590962101745319e+00,1.326590962101745319e+00,1.326590962101745319e+00,1.326590962101745319e+00,1.326590962101745319e+00,1.326590962101745319e+00,1.326590962101745319e+00,1.326590962101745319e+00,1.326590962101745319e+00,1.326590962101745319e+00,1.326590962101745319e+00,1.326590962101745319e+00,1.326590962101745319e+00
1.251566680872103809e+01,1.251566680872103809e+01,1.251566680872103809e+01,4.781572327594927785e+00,4.781572327594927785e+00,4.781572327594927785e+00,4.175078017959438448e+00,4.175078017959438448e+00,4.175078017959438448e+00,1.162568693901367300e+00,1.162568693901367300e+00,1.162568693901367300e+00,1.162568693901367300e+00,1.162568693901367300e+00,1.162568693901367300e+00,1.162568693901367300e+00,1.162568693901367300e+00,1.162568693901367300e+00,1.162568693901367300e+00,1.162568693901367300e+00,1.162568693901367300e+00
6.561466345229590047e+00,6.561466345229590047e+00,6.561466345229590047e+00,6.561466345229590047e+00,6.561466345229590047e+00,6.561466345229590047e+00,6.561466345229590047e+00,6.561466345229590047e+00,6.561466345229590047e+00,6.561466345229590047e+00,6.561466345229590047e+00,6.561466345229590047e+00,6.561466345229590047e+00,6.561466345229590047e+00,2.660587039118083474e+00,2.660587039118083474e+00,2.660587039118083474e+00,2.660587039118083474e+00,2.660587039118083474e+00,2.660587039118083474e+00,2.660587039118083474e+00
6.877875001534549781e+00,6.877875001534549781e+00,6.665014968936966433e+00,6.665014968936966433e+00,6.665014968936966433e+00,6.665014968936966433e+00,6.665014968936966433e+00,6.665014968936966433e+00,6.665014968936966433e+00,6.665014968936966433e+00,6.665014968936966433e+00,6.665014968936966433e+00,6.665014968936966433e+00,6.665014968936966433e+00,6.665014968936966433e+00,6.665014968936966433e+00,6.665014968936966433e+00,6.665014968936966433e+00,6.665014968936966433e+00,6.665014968936966433e+00,6.665014968936966433e+00
5.986996864018441222e-01,5.986996864018441222e-01,5.986996864018441222e-01,5.986996864018441222e-01,5.986996864018441222e-01,5.986996864018441222e-01,5.986996864018441222e-01,5.986996864018441222e-01,5.986996864018441222e-01,5.986996864018441222e-01,5.986996864018441222e-01,5.986996864018441222e-01,5.986996864018441222e-01,5.986996864018441222e-01,5.986996864018441222e-01,5.986996864018441222e-01,5.986996864018441222e-01,5.986996864018441222e-01,5.986996864018441222e-01,5.986996864018441222e-01,5.986996864018441222e-01
1.709089993163834009e+01,9.532973236861385091e-01,9.532973236861385091e-01,9.532973236861385091e-01,9.532973236861385091e-01,9.532973236861385091e-01,9.532973236861385091e-01,9.532973236861385091e-01,9.532973236861385091e-01,7.130166101027438641e-01,7.130166101027438641e-01,7.130166101027438641e-01,7.130166101027438641e-01,7.130166101027438641e-01,7.130166101027438641e-01,7.130166101027438641e-01,7.130166101027438641e-01,7.130166101027438641e-01,7.130166101027438641e-01,7.130166101027438641e-01,7.130166101027438641e-01
1.270306684876325498e+01,1.033809872594773083e+01,4.637060920102072381e-01,4.637060920102072381e-01,4.637060920102072381e-01,4.637060920102072381e-01,4.637060920102072381e-01,4.637060920102072381e-01,4.637060920102072381e-01,4.637060920102072381e-01,4.637060920102072381e-01,4.637060920102072381e-01,4.637060920102072381e-01,1.032249797676866310e-01,1.032249797676866310e-01,1.032249797676866310e-01,1.032249797676866310e-01,1.032249797676866310e-01,1.032249797676866310e-01,1.032249797676866310e-01,1.032249797676866310e-01
1.344761826701116325e+00,1.344761826701116325e+00,1.344761826701116325e+00,1.344761826701116325e+00,1.344761826701116325e+00,1.344761826701116325e+00,1.344761826701116325e+00,1.344761826701116325e+00,1.344761826701116325e+00,1.344761826701116325e+00,1.344761826701116325e+00,1.344761826701116325e+00,1.344761826701116325e+00,1.344761826701116325e+00,1.344761826701116325e+00,1.344761826701116325e+00,1.344761826701116325e+00,1.344761826701116325e+00,1.344761826701116325e+00,1.344761826701116325e+00,1.344761826701116325e+00
