1.513676229946361218e+01,4.513106345075129866e+00,4.513106345075129866e+00,2.736438145831243673e+00,2.736438145831243673e+00,2.736438145831243673e+00,2.736438145831243673e+00,2.736438145831243673e+00,2.736438145831243673e+00,2.736438145831243673e+00,2.736438145831243673e+00,2.736438145831243673e+00,2.736438145831243673e+00,2.736438145831243673e+00,2.736438145831243673e+00,2.736438145831243673e+00,2.736438145831243673e+00,2.736438145831243673e+00,2.736438145831243673e+00,2.736438145831243673e+00,9.322006027381348758e-01
1.948512006289877263e+01,1.948512006289877263e+01,8.012934396167565865e-01,8.012934396167565865e-01,8.012934396167565865e-01,8.012934396167565865e-01,8.012934396167565865e-01,8.012934396167565865e-01,8.012934396167565865e-01,8.012934396167565865e-01,8.012934396167565865e-01,8.012934396167565865e-01,8.012934396167565865e-01,8.012934396167565865e-01,8.012934396167565865e-01,8.012934396167565865e-01,8.012934396167565865e-01,8.012934396167565865e-01,8.012934396167565865e-01,8.012934396167565865e-01,8.012934396167565865e-01
6.802468539619781041e+00,2.545229354730622617e+00,2.545229354730622617e+00,2.545229354730622617e+00,2.262394255811273069e+00,2.262394255811273069e+00,2.262394255811273069e+00,8.587179188781419725e-01,8.587179188781419725e-01,8.587179188781419725e-01,8.587179188781419725e-01,8.587179188781419725e-01,8.587179188781419725e-01,8.587179188781419725e-01,8.587179188781419725e-01,8.587179188781419725e-01,8.587179188781419725e-01,8.587179188781419725e-01,8.587179188781419725e-01,8.587179188781419725e-01,8.587179188781419725e-01
1.434859887684808655e+01,1.434859887684808655e+01,1.434859887684808655e+01,1.434859887684808655e+01,8.640680773361054889e+00,8.640680773361054889e+00,8.640680773361054889e+00,4.848806757711599857e+00,4.848806757711599857e+00,9.294179851699482242e-01,9.294179851699482242e-01,9.294179851699482242e-01,9.294179851699482242e-01,9.294179851699482242e-01,9.294179851699482242e-01,9.294179851699482242e-01,9.294179851699482242e-01,9.294179851699482242e-01,9.294179851699482242e-01,9.294179851699482242e-01,9.294179851699482242e-01
3.067613505143071961e+00,3.067613505143071961e+00,1.103423877479599469e+00,1.103423877479599469e+00,1.103423877479599469e+00,1.103423877479599469e+00,1.103423877479599469e+00,1.103423877479599469e+00,1.103423877479599469e+00,1.103423877479599469e+00,1.103423877479599469e+00,1.103423877479599469e+00,1.103423877479599469e+00,1.103423877479599469e+00,1.103423877479599469e+00,1.103423877479599469e+00,1.103423877479599469e+00,1.103423877479599469e+00,1.103423877479599469e+00,1.103423877479599469e+00,1.103423877479599469e+00
1.551413049639427300e+01,1.213953636535302394e+01,1.085298991514832778e+01,1.085298991514832778e+01,1.085298991514832778e+01,1.085298991514832778e+01,1.085298991514832778e+01,6.766253174244297952e+00,6.766253174244297952e+00,6.766253174244297952e+00,1.312707690908155200e+00,1.312707690908155200e+00,1.312707690908155200e+00,1.312707690908155200e+00,1.312707690908155200e+00,1.312707690908155200e+00,1.312707690908155200e+00,1.312707690908155200e+00,1.312707690908155200e+00,1.312707690908155200e+00,1.312707690908155200e+00
2.532226537349970386e+00,2.532226537349970386e+00,2.532226537349970386e+00,2.532226537349970386e+00,2.532226537349970386e+00,2.532226537349970386e+00,2.532226537349970386e+00,2.532226537349970386e+00,2.532226537349970386e+00,2.532226537349970386e+00,2.532226537349970386e+00,2.532226537349970386e+00,2.532226537349970386e+00,2.532226537349970386e+00,2.532226537349970386e+00,2.532226537349970386e+00,2.532226537349970386e+00,2.532226537349970386e+00,1.383753784225632444e+00,1.383753784225632444e+00,1.383753784225632444e+00
2.499512007542080028e+00,2.499512007542080028e+00,2.499512007542080028e+00,2.499512007542080028e+00,2.499512007542080028e+00,2.499512007542080028e+00,2.499512007542080028e+00,2.499512007542080028e+00,2.499512007542080028e+00,2.499512007542080028e+00,2.499512007542080028e+00,2.499512007542080028e+00,2.499512007542080028e+00,2.499512007542080028e+00,2.499512007542080028e+00,1.901892067466860681e+00,1.901892067466860681e+00,1.901892067466860681e+00,1.901892067466860681e+00,1.901892067466860681e+00,1.901892067466860681e+00
5.865096455221419092e-01,5.865096455221419092e-01,5.865096455221419092e-01,5.865096455221419092e-01,5.865096455221419092e-01,5.865096455221419092e-01,5.865096455221419092e-01,5.865096455221419092e-01,5.865096455221419092e-01,5.865096455221419092e-01,5.865096455221419092e-01,5.865096455221419092e-01,5.865096455221419092e-01,5.865096455221419092e-01,5.865096455221419092e-01,5.865096455221419092e-01,5.865096455221419092e-01,5.865096455221419092e-01,5.865096455221419092e-01,5.865096455221419092e-01,5.865096455221419092e-01
1.028825199428524684e+01,1.028825199428524684e+01,1.028825199428524684e+01,1.028825199428524684e+01,1.028825199428524684e+01,1.028825199428524684e+01,4.991288877361853338e+00,4.991288877361853338e+00,4.991288877361853338e+00,4.991288877361853338e+00,4.991288877361853338e+00,4.991288877361853338e+00,4.991288877361853338e+00,4.295136278259860774e+00,4.295136278259860774e+00,4.295136278259860774e+00,4.295136278259860774e+00,1.023470424770607679e+00,1.023470424770607679e+00,1.023470424770607679e+00,1.023470424770607679e+00
1.511124584903029699e+01,1.511124584903029699e+01,1.511124584903029699e+01,5.315916012581055838e+00,5.315916012581055838e+00,5.315916012581055838e+00,5.315916012581055838e+00,5.315916012581055838e+00,1.111110939439640788e+00,1.111110939439640788e+00,1.111110939439640788e+00,1.111110939439640788e+00,1.111110939439640788e+00,1.111110939439640788e+00,8.800339832733925505e-01,8.800339832733925505e-01,8.800339832733925505e-01,8.800339832733925505e-01,8.800339832733925505e-01,8.800339832733925505e-01,8.800339832733925505e-01
2.380412606450249768e+00,2.380412606450249768e+00,2.380412606450249768e+00,2.380412606450249768e+00,2.380412606450249768e+00,1.482000300359572975e+00,1.482000300359572975e+00,1.837858980157989208e-01,1.837858980157989208e-01,1.837858980157989208e-01,1.837858980157989208e-01,1.837858980157989208e-01,1.837858980157989208e-01,1.837858980157989208e-01,1.837858980157989208e-01,1.837858980157989208e-01,1.837858980157989208e-01,1.837858980157989208e-01,1.837858980157989208e-01,1.837858980157989208e-01,1.837858980157989208e-01
2.708285230052547377e+01,2.708285230052547377e+01,2.943125016138537831e+00,1.459227288568740732e+00,1.459227288568740732e+00,1.459227288568740732e+00,1.459227288568740732e+00,1.459227288568740732e+00,1.459227288568740732e+00,1.459227288568740732e+00,1.459227288568740732e+00,1.459227288568740732e+00,1.459227288568740732e+00,1.459227288568740732e+00,1.459227288568740732e+00,1.459227288568740732e+00,1.459227288568740732e+00,1.459227288568740732e+00,1.459227288568740732e+00,1.459227288568740732e+00,1.459227288568740732e+00
1.251566680872099369e+01,1.251566680872099369e+01,1.251566680872099369e+01,2.319115195174390465e+00,2.319115195174390465e+00,2.319115195174390465e+00,2.319115195174390465e+00,2.319115195174390465e+00,2.319115195174390465e+00,2.319115195174390465e+00,2.319115195174390465e+00,2.319115195174390465e+00,2.319115195174390465e+00,2.319115195174390465e+00,2.319115195174390465e+00,2.319115195174390465e+00,2.319115195174390465e+00,2.319115195174390465e+00,2.319115195174390465e+00,2.319115195174390465e+00,1.301034375713356894e+00
6.561466345229632680e+00,6.561466345229632680e+00,5.693549630078678092e-01,5.693549630078678092e-01,5.693549630078678092e-01,5.693549630078678092e-01,5.693549630078678092e-01,5.693549630078678092e-01,4.802149455758808472e-01,4.802149455758808472e-01,4.802149455758808472e-01,4.802149455758808472e-01,1.737369876641423616e-01,1.737369876641423616e-01,1.737369876641423616e-01,1.737369876641423616e-01,1.737369876641423616e-01,1.737369876641423616e-01,1.737369876641423616e-01,1.737369876641423616e-01,1.737369876641423616e-01
6.877875001534562216e+00,6.877875001534562216e+00,5.210999049963675134e+00,5.210999049963675134e+00,2.060942091366314344e+00,2.060942091366314344e+00,2.060942091366314344e+00,2.060942091366314344e+00,2.060942091366314344e+00,2.060942091366314344e+00,2.060942091366314344e+00,2.060942091366314344e+00,2.060942091366314344e+00,2.060942091366314344e+00,2.060942091366314344e+00,2.060942091366314344e+00,2.060942091366314344e+00,2.060942091366314344e+00,2.060942091366314344e+00,8.054992969731529229e-01,8.054992969731529229e-01
5.986996864018010456e-01,5.986996864018010456e-01,5.986996864018010456e-01,5.986996864018010456e-01,5.986996864018010456e-01,5.986996864018010456e-01,5.986996864018010456e-01,5.986996864018010456e-01,5.986996864018010456e-01,5.986996864018010456e-01,5.986996864018010456e-01,5.986996864018010456e-01,5.986996864018010456e-01,5.986996864018010456e-01,5.986996864018010456e-01,5.986996864018010456e-01,5.986996864018010456e-01,5.986996864018010456e-01,5.986996864018010456e-01,5.986996864018010456e-01,5.986996864018010456e-01
1.709089993163831878e+01,9.224568522059939824e+00,9.224568522059939824e+00,9.224568522059939824e+00,9.224568522059939824e+00,9.224568522059939824e+00,9.224568522059939824e+00,8.881239618309336947e+00,2.065650768366822376e+00,2.065650768366822376e+00,2.065650768366822376e+00,2.065650768366822376e+00,2.065650768366822376e+00,2.065650768366822376e+00,2.065650768366822376e+00,2.065650768366822376e+00,2.065650768366822376e+00,2.065650768366822376e+00,2.065650768366822376e+00,2.065650768366822376e+00,2.065650768366822376e+00
1.270306684876322834e+01,1.138295889983612597e+01,1.907695734053390879e+00,1.907695734053390879e+00,1.907695734053390879e+00,1.907695734053390879e+00,1.907695734053390879e+00,1.907695734053390879e+00,1.907695734053390879e+00,1.460084002472740394e+00,1.460084002472740394e+00,1.460084002472740394e+00,1.460084002472740394e+00,1.460084002472740394e+00,1.460084002472740394e+00,1.460084002472740394e+00,1.460084002472740394e+00,1.460084002472740394e+00,1.460084002472740394e+00,1.460084002472740394e+00,1.460084002472740394e+00
1.344761826701073915e+00,9.731780843052320051e-01,9.731780843052320051e-01,9.731780843052320051e-01,9.731780843052320051e-01,9.731780843052320051e-01,9.731780843052320051e-01,9.731780843052320051e-01,9.731780843052320051e-01,9.731780843052320051e-01,9.731780843052320051e-01,9.731780843052320051e-01,9.731780843052320051e-01,9.731780843052320051e-01,9.731780843052320051e-01,9.731780843052320051e-01,7.394080718086115667e-01,7.394080718086115667e-01,7.394080718086115667e-01,7.394080718086115667e-01,7.394080718086115667e-01
