1.513676229946361218e+01,1.513676229946361218e+01,1.513676229946361218e+01,1.513676229946361218e+01,1.513676229946361218e+01,1.513676229946361218e+01,8.472308801450481042e-01,8.472308801450481042e-01,8.472308801450481042e-01,8.472308801450481042e-01,8.472308801450481042e-01,8.472308801450481042e-01,8.472308801450481042e-01,8.472308801450481042e-01,8.472308801450481042e-01,8.472308801450481042e-01,8.472308801450481042e-01,8.472308801450481042e-01,8.472308801450481042e-01,8.472308801450481042e-01,8.472308801450481042e-01
1.948512006289877263e+01,1.948512006289877263e+01,1.393693720881185527e+01,1.393693720881185527e+01,1.393693720881185527e+01,1.393693720881185527e+01,1.393693720881185527e+01,1.393693720881185527e+01,1.393693720881185527e+01,1.393693720881185527e+01,9.704312003091786210e+00,9.704312003091786210e+00,9.704312003091786210e+00,9.704312003091786210e+00,9.704312003091786210e+00,9.704312003091786210e+00,9.704312003091786210e+00,9.704312003091786210e+00,9.704312003091786210e+00,9.704312003091786210e+00,9.704312003091786210e+00
6.802468539619781041e+00,6.802468539619781041e+00,6.802468539619781041e+00,6.802468539619781041e+00,3.829878035070919395e+00,2.152728910600444578e+00,2.152728910600444578e+00,2.152728910600444578e+00,2.152728910600444578e+00,2.152728910600444578e+00,2.152728910600444578e+00,2.152728910600444578e+00,2.152728910600444578e+00,2.152728910600444578e+00,2.152728910600444578e+00,2.152728910600444578e+00,2.152728910600444578e+00,2.152728910600444578e+00,2.152728910600444578e+00,2.152728910600444578e+00,7.022797544677814585e-01
1.434859887684808655e+01,1.416006713790477534e+01,1.416006713790477534e+01,1.416006713790477534e+01,1.416006713790477534e+01,1.416006713790477534e+01,4.144385709895345826e+00,4.144385709895345826e+00,4.144385709895345826e+00,4.144385709895345826e+00,4.144385709895345826e+00,4.144385709895345826e+00,4.144385709895345826e+00,4.144385709895345826e+00,4.144385709895345826e+00,4.144385709895345826e+00,4.144385709895345826e+00,4.144385709895345826e+00,4.144385709895345826e+00,2.268435298096392216e+00,2.268435298096392216e+00
3.067613505143071961e+00,3.067613505143071961e+00,1.813362523653836433e+00,1.813362523653836433e+00,1.813362523653836433e+00,1.813362523653836433e+00,1.813362523653836433e+00,1.813362523653836433e+00,1.813362523653836433e+00,1.813362523653836433e+00,1.813362523653836433e+00,1.813362523653836433e+00,1.813362523653836433e+00,1.813362523653836433e+00,3.907258793057053481e-01,3.907258793057053481e-01,3.907258793057053481e-01,3.907258793057053481e-01,3.907258793057053481e-01,3.907258793057053481e-01,3.907258793057053481e-01
1.551413049639427300e+01,1.551413049639427300e+01,9.479707429922541451e+00,9.479707429922541451e+00,9.479707429922541451e+00,9.479707429922541451e+00,2.484364870328363395e+00,2.484364870328363395e+00,2.484364870328363395e+00,2.484364870328363395e+00,2.484364870328363395e+00,2.484364870328363395e+00,2.484364870328363395e+00,2.484364870328363395e+00,2.484364870328363395e+00,2.484364870328363395e+00,2.484364870328363395e+00,2.484364870328363395e+00,2.484364870328363395e+00,2.484364870328363395e+00,2.484364870328363395e+00
2.532226537349970386e+00,2.532226537349970386e+00,2.532226537349970386e+00,2.532226537349970386e+00,2.532226537349970386e+00,2.532226537349970386e+00,2.532226537349970386e+00,2.532226537349970386e+00,2.532226537349970386e+00,2.532226537349970386e+00,2.532226537349970386e+00,2.532226537349970386e+00,2.532226537349970386e+00,2.532226537349970386e+00,2.532226537349970386e+00,2.532226537349970386e+00,2.532226537349970386e+00,2.532226537349970386e+00,7.383974488790272517e-01,7.383974488790272517e-01,7.383974488790272517e-01
2.499512007542080028e+00,2.499512007542080028e+00,2.499512007542080028e+00,2.499512007542080028e+00,2.499512007542080028e+00,2.499512007542080028e+00,2.499512007542080028e+00,2.499512007542080028e+00,2.499512007542080028e+00,2.499512007542080028e+00,2.499512007542080028e+00,2.499512007542080028e+00,2.499512007542080028e+00,7.600078041507458693e-01,7.600078041507458693e-01,7.600078041507458693e-01,7.600078041507458693e-01,7.600078041507458693e-01,7.600078041507458693e-01,7.600078041507458693e-01,7.600078041507458693e-01
5.865096455221419092e-01,5.865096455221419092e-01,5.865096455221419092e-01,5.865096455221419092e-01,5.865096455221419092e-01,5.865096455221419092e-01,5.865096455221419092e-01,5.865096455221419092e-01,5.865096455221419092e-01,5.865096455221419092e-01,5.865096455221419092e-01,5.865096455221419092e-01,5.865096455221419092e-01,5.865096455221419092e-01,5.865096455221419092e-01,5.865096455221419092e-01,5.865096455221419092e-01,5.865096455221419092e-01,5.865096455221419092e-01,5.865096455221419092e-01,5.865096455221419092e-01
1.028825199428524684e+01,1.028825199428524684e+01,1.028825199428524684e+01,4.438950271918997714e+00,4.438950271918997714e+00,4.438950271918997714e+00,4.438950271918997714e+00,4.438950271918997714e+00,3.211091565519836877e-01,3.211091565519836877e-01,3.211091565519836877e-01,3.211091565519836877e-01,3.211091565519836877e-01,3.211091565519836877e-01,3.211091565519836877e-01,3.211091565519836877e-01,3.211091565519836877e-01,3.211091565519836877e-01,3.211091565519836877e-01,3.211091565519836877e-01,3.211091565519836877e-01
1.511124584903029699e+01,1.511124584903029699e+01,5.496410111914201480e+00,5.496410111914201480e+00,5.496410111914201480e+00,5.496410111914201480e+00,5.496410111914201480e+00,5.496410111914201480e+00,5.496410111914201480e+00,5.496410111914201480e+00,5.496410111914201480e+00,5.496410111914201480e+00,5.496410111914201480e+00,5.496410111914201480e+00,5.496410111914201480e+00,5.496410111914201480e+00,5.496410111914201480e+00,5.496410111914201480e+00,5.496410111914201480e+00,5.496410111914201480e+00,5.496410111914201480e+00
2.380412606450249768e+00,2.380412606450249768e+00,2.380412606450249768e+00,2.380412606450249768e+00,2.380412606450249768e+00,2.380412606450249768e+00,2.380412606450249768e+00,2.380412606450249768e+00,2.380412606450249768e+00,2.380412606450249768e+00,2.380412606450249768e+00,2.380412606450249768e+00,2.380412606450249768e+00,2.380412606450249768e+00,2.380412606450249768e+00,2.380412606450249768e+00,2.380412606450249768e+00,2.380412606450249768e+00,2.380412606450249768e+00,2.380412606450249768e+00,2.380412606450249768e+00
2.708285230052547377e+01,2.708285230052547377e+01,7.216014718163933139e+00,1.080575670006169275e+00,1.080575670006169275e+00,1.080575670006169275e+00,1.080575670006169275e+00,1.080575670006169275e+00,1.080575670006169275e+00,1.080575670006169275e+00,1.080575670006169275e+00,1.080575670006169275e+00,1.080575670006169275e+00,1.080575670006169275e+00,1.080575670006169275e+00,1.080575670006169275e+00,1.080575670006169275e+00,1.080575670006169275e+00,1.080575670006169275e+00,1.080575670006169275e+00,1.080575670006169275e+00
1.251566680872099369e+01,1.251566680872099369e+01,1.251566680872099369e+01,1.251566680872099369e+01,1.251566680872099369e+01,1.251566680872099369e+01,1.251566680872099369e+01,4.227050420940940967e+00,4.227050420940940967e+00,4.227050420940940967e+00,3.924784064803361616e+00,3.924784064803361616e+00,3.924784064803361616e+00,3.924784064803361616e+00,3.924784064803361616e+00,3.924784064803361616e+00,3.924784064803361616e+00,3.924784064803361616e+00,3.924784064803361616e+00,3.924784064803361616e+00,3.924784064803361616e+00
6.561466345229632680e+00,6.561466345229632680e+00,6.561466345229632680e+00,3.080064428342438987e+00,3.080064428342438987e+00,3.080064428342438987e+00,3.080064428342438987e+00,3.080064428342438987e+00,3.080064428342438987e+00,3.080064428342438987e+00,3.080064428342438987e+00,3.080064428342438987e+00,3.080064428342438987e+00,3.080064428342438987e+00,3.080064428342438987e+00,3.080064428342438987e+00,3.080064428342438987e+00,3.080064428342438987e+00,3.080064428342438987e+00,3.080064428342438987e+00,3.080064428342438987e+00
6.877875001534562216e+00,5.526986455181372548e+00,5.526986455181372548e+00,5.436033853084154543e-01,5.436033853084154543e-01,5.436033853084154543e-01,5.436033853084154543e-01,5.436033853084154543e-01,5.436033853084154543e-01,5.436033853084154543e-01,5.436033853084154543e-01,5.436033853084154543e-01,5.436033853084154543e-01,5.436033853084154543e-01,5.436033853084154543e-01,5.436033853084154543e-01,5.436033853084154543e-01,5.436033853084154543e-01,5.436033853084154543e-01,5.436033853084154543e-01,5.436033853084154543e-01
5.986996864018010456e-01,5.986996864018010456e-01,5.986996864018010456e-01,5.986996864018010456e-01,5.986996864018010456e-01,5.986996864018010456e-01,5.986996864018010456e-01,5.986996864018010456e-01,5.986996864018010456e-01,5.986996864018010456e-01,5.986996864018010456e-01,5.986996864018010456e-01,5.986996864018010456e-01,5.986996864018010456e-01,5.986996864018010456e-01,5.986996864018010456e-01,5.986996864018010456e-01,5.986996864018010456e-01,5.986996864018010456e-01,5.986996864018010456e-01,5.986996864018010456e-01
1.709089993163831878e+01,1.709089993163831878e+01,1.709089993163831878e+01,1.127950749862941393e+01,1.127950749862941393e+01,1.127950749862941393e+01,1.127950749862941393e+01,1.127950749862941393e+01,1.127950749862941393e+01,1.127950749862941393e+01,1.127950749862941393e+01,1.127950749862941393e+01,1.127950749862941393e+01,1.127950749862941393e+01,1.127950749862941393e+01,2.659112385763933162e+00,2.659112385763933162e+00,2.659112385763933162e+00,2.659112385763933162e+00,2.659112385763933162e+00,2.659112385763933162e+00
1.270306684876322834e+01,1.150312827443417518e+01,1.150312827443417518e+01,1.007797681407328128e+01,1.007797681407328128e+01,1.007797681407328128e+01,1.007797681407328128e+01,7.926597546930793214e+00,7.926597546930793214e+00,7.926597546930793214e+00,7.926597546930793214e+00,7.926597546930793214e+00,7.926597546930793214e+00,7.926597546930793214e+00,7.926597546930793214e+00,7.926597546930793214e+00,7.926597546930793214e+00,7.620156380487628667e+00,7.620156380487628667e+00,7.620156380487628667e+00,7.620156380487628667e+00
1.344761826701073915e+00,1.344761826701073915e+00,1.342153384309881403e+00,9.753513568158496128e-01,3.093829950112194638e-01,3.093829950112194638e-01,3.093829950112194638e-01,3.093829950112194638e-01,3.093829950112194638e-01,3.093829950112194638e-01,3.093829950112194638e-01,3.093829950112194638e-01,3.093829950112194638e-01,3.093829950112194638e-01,3.093829950112194638e-01,3.093829950112194638e-01,3.093829950112194638e-01,3.093829950112194638e-01,3.093829950112194638e-01,3.093829950112194638e-01,3.093829950112194638e-01
