3.545196855107315415e+00,3.545196855107315415e+00,3.545196855107315415e+00,3.545196855107315415e+00,7.265912057009877856e-01,5.331796966754485112e-01,5.331796966754485112e-01,5.331796966754485112e-01,5.331796966754485112e-01,5.331796966754485112e-01,5.331796966754485112e-01,5.331796966754485112e-01,5.331796966754485112e-01,5.331796966754485112e-01,5.331796966754485112e-01,5.331796966754485112e-01,5.331796966754485112e-01,5.331796966754485112e-01,5.331796966754485112e-01,5.331796966754485112e-01,5.331796966754485112e-01
9.746850357467707227e+00,9.746850357467707227e+00,9.746850357467707227e+00,9.746850357467707227e+00,9.746850357467707227e+00,3.168423039244142814e+00,2.436075223374086995e+00,2.436075223374086995e+00,2.436075223374086995e+00,2.436075223374086995e+00,1.998423185842980843e+00,1.998423185842980843e+00,1.998423185842980843e+00,1.998423185842980843e+00,1.420069752103367833e+00,1.419423603949054424e+00,1.419423603949054424e+00,1.220719789392973098e+00,1.220719789392973098e+00,6.626517389394290802e-01,4.613850487940744927e-01
7.693125871351418787e+00,7.693125871351418787e+00,5.053494769182904633e+00,5.053494769182904633e+00,1.271988218506018953e+00,1.271988218506018953e+00,1.271988218506018953e+00,5.954802627183930497e-01,5.954802627183930497e-01,5.954802627183930497e-01,4.103666500230094272e-01,3.987715102543027967e-01,3.985188400387347230e-01,3.985188400387347230e-01,3.985188400387347230e-01,3.985188400387347230e-01,3.985188400387347230e-01,3.985188400387347230e-01,3.985188400387347230e-01,3.985188400387347230e-01,3.985188400387347230e-01
5.094302375041932507e+00,5.094302375041932507e+00,5.094302375041932507e+00,1.701047093918749198e+00,1.701047093918749198e+00,1.701047093918749198e+00,1.701047093918749198e+00,1.701047093918749198e+00,4.769352257105925474e-01,4.769352257105925474e-01,4.181542729596490204e-01,4.122794442907249390e-01,4.107136908238704365e-01,4.107136908238704365e-01,4.053074113021359892e-01,4.053074113021359892e-01,4.053074113021359892e-01,4.053074113021359892e-01,4.053074113021359892e-01,4.053074113021359892e-01,4.053074113021359892e-01
8.843966319397878806e+00,8.843966319397878806e+00,8.843966319397878806e+00,2.089606568634469141e+00,2.089606568634469141e+00,2.089606568634469141e+00,2.089606568634469141e+00,2.072614095736665440e+00,2.072614095736665440e+00,2.072614095736665440e+00,4.568431776504855435e-01,4.025997823248292917e-01,4.025997823248292917e-01,4.025997823248292917e-01,4.023191306236686415e-01,4.022199960556029907e-01,4.022199960556029907e-01,4.017352572887578077e-01,4.017352572887578077e-01,4.011574704256393176e-01,4.010233894982917491e-01
6.166339592124312929e+00,5.852085958947519373e-01,5.852085958947519373e-01,4.132030422135546388e-01,4.132030422135546388e-01,4.132030422135546388e-01,4.132030422135546388e-01,4.132030422135546388e-01,4.132030422135546388e-01,4.132030422135546388e-01,4.132030422135546388e-01,4.074734288843107066e-01,4.074734288843107066e-01,4.074734288843107066e-01,4.072827427582055293e-01,4.070617684248603041e-01,4.067582004544050278e-01,4.064029978522345488e-01,4.064029978522345488e-01,4.064029978522345488e-01,4.064029978522345488e-01
1.463105973244504909e+01,1.600427318523593101e+00,1.600427318523593101e+00,4.207532259091859572e-01,4.207532259091859572e-01,4.030104163901775394e-01,4.030104163901775394e-01,4.030104163901775394e-01,4.030104163901775394e-01,4.030104163901775394e-01,4.023861866326203796e-01,4.023861866326203796e-01,4.023861866326203796e-01,4.023861866326203796e-01,4.023861866326203796e-01,4.023861866326203796e-01,4.023861866326203796e-01,4.023861866326203796e-01,4.023861866326203796e-01,4.023861866326203796e-01,4.023861866326203796e-01
2.087576548445779778e+00,2.087576548445779778e+00,7.999779282163341776e-01,6.137137881306049536e-01,6.137137881306049536e-01,6.137137881306049536e-01,4.052925838643481882e-01,4.052925838643481882e-01,4.052925838643481882e-01,4.052925838643481882e-01,4.052925838643481882e-01,4.052925838643481882e-01,4.052925838643481882e-01,4.052925838643481882e-01,4.052925838643481882e-01,4.052925838643481882e-01,4.052925838643481882e-01,4.052925838643481882e-01,3.979420859130566868e-01,3.979420859130566868e-01,3.979420859130566868e-01
1.094298286285527055e+00,5.793936207329704047e-01,5.793936207329704047e-01,5.793936207329704047e-01,5.793936207329704047e-01,5.793936207329704047e-01,5.793936207329704047e-01,5.793936207329704047e-01,5.793936207329704047e-01,5.793936207329704047e-01,5.793936207329704047e-01,5.793936207329704047e-01,5.793936207329704047e-01,5.793936207329704047e-01,5.512100508149870848e-01,5.512100508149870848e-01,5.470540062433197903e-01,5.446012262629853495e-01,5.436468996435355194e-01,5.436468996435355194e-01,5.436468996435355194e-01
1.686375184037311570e+00,1.686375184037311570e+00,1.686375184037311570e+00,6.448082981083729237e-01,6.448082981083729237e-01,6.448082981083729237e-01,6.448082981083729237e-01,6.030965148479729976e-01,6.030965148479729976e-01,6.030965148479729976e-01,6.030965148479729976e-01,6.030965148479729976e-01,6.030965148479729976e-01,6.030965148479729976e-01,4.782779495517974766e-01,4.782779495517974766e-01,4.782779495517974766e-01,4.782779495517974766e-01,4.782779495517974766e-01,4.782779495517974766e-01,4.045467509148235052e-01
5.604303918368117365e+00,5.604303918368117365e+00,5.604303918368117365e+00,5.604303918368117365e+00,5.604303918368117365e+00,9.764160743534162634e-01,7.167620174130941990e-01,7.167620174130941990e-01,7.167620174130941990e-01,4.297959113171216927e-01,4.297959113171216927e-01,4.297959113171216927e-01,4.297959113171216927e-01,4.297959113171216927e-01,4.297959113171216927e-01,4.297959113171216927e-01,4.297959113171216927e-01,4.066344560962722454e-01,4.056397513004483812e-01,4.053499169370482491e-01,4.051408677829115845e-01
5.101854702066825453e+00,5.101854702066825453e+00,5.101854702066825453e+00,3.750089683920117878e+00,2.387810608519021827e+00,2.387810608519021827e+00,2.387810608519021827e+00,2.387810608519021827e+00,9.848516542383407568e-01,9.848516542383407568e-01,5.274980959228390276e-01,4.253613486095968454e-01,4.253613486095968454e-01,3.998763831135310198e-01,3.987396040439374900e-01,3.987396040439374900e-01,3.987396040439374900e-01,3.987396040439374900e-01,3.987396040439374900e-01,3.987396040439374900e-01,3.987396040439374900e-01
2.061964464423118315e+01,2.061964464423118315e+01,6.282155716899906039e+00,6.282155716899906039e+00,6.282155716899906039e+00,2.734516673408093013e+00,2.734516673408093013e+00,2.734516673408093013e+00,2.734516673408093013e+00,1.123511185887549502e+00,1.123511185887549502e+00,4.167560481841299236e-01,4.167560481841299236e-01,4.167560481841299236e-01,4.167560481841299236e-01,4.167560481841299236e-01,4.167560481841299236e-01,4.167560481841299236e-01,4.167560481841299236e-01,4.167560481841299236e-01,4.167560481841299236e-01
8.005729131539522925e+00,8.005729131539522925e+00,3.424424575104818125e+00,3.424424575104818125e+00,3.424424575104818125e+00,3.424424575104818125e+00,8.522262165221921038e-01,4.114720190090519480e-01,4.114720190090519480e-01,4.114720190090519480e-01,4.008468016758364172e-01,4.007769800750935474e-01,4.006274728495604620e-01,4.003951892196955242e-01,4.001406485348084630e-01,3.999182022954599347e-01,3.997278573554545744e-01,3.995464150255934044e-01,3.993955320071211901e-01,3.992590897379297843e-01,3.991529214607858478e-01
1.746895377936693805e+00,1.689823673313739505e+00,1.689823673313739505e+00,7.461096176283525949e-01,7.461096176283525949e-01,4.127456667467850338e-01,4.127456667467850338e-01,4.127456667467850338e-01,4.127456667467850338e-01,4.127456667467850338e-01,4.127456667467850338e-01,4.119212372199978489e-01,4.119212372199978489e-01,4.119212372199978489e-01,4.119212372199978489e-01,4.119212372199978489e-01,4.119212372199978489e-01,4.119212372199978489e-01,4.119212372199978489e-01,4.119212372199978489e-01,4.119212372199978489e-01
4.827708080693826176e+00,4.827708080693826176e+00,4.827708080693826176e+00,2.022241494643392201e+00,2.022241494643392201e+00,2.022241494643392201e+00,2.022241494643392201e+00,5.699893350975990813e-01,4.262511321097903760e-01,4.124007687478297157e-01,4.106322442775667270e-01,4.099947997647284126e-01,4.094333909459795251e-01,4.094333909459795251e-01,4.063326860161922127e-01,4.056128503437523847e-01,4.056128503437523847e-01,4.056128503437523847e-01,4.056128503437523847e-01,4.056128503437523847e-01,4.056128503437523847e-01
3.557262108599126726e+00,3.557262108599126726e+00,6.314314091558106412e-01,6.314314091558106412e-01,4.675912968156961114e-01,4.675912968156961114e-01,4.675912968156961114e-01,4.675912968156961114e-01,4.675912968156961114e-01,4.675912968156961114e-01,4.675912968156961114e-01,4.675912968156961114e-01,4.675912968156961114e-01,4.675912968156961114e-01,4.675912968156961114e-01,4.675912968156961114e-01,4.675912968156961114e-01,4.329826039871900178e-01,4.329826039871900178e-01,4.195180072131439175e-01,4.194973607427048279e-01
4.992503075044600891e+00,4.992503075044600891e+00,4.992503075044600891e+00,4.992503075044600891e+00,4.992503075044600891e+00,4.992503075044600891e+00,1.931079127760988001e+00,1.931079127760988001e+00,1.931079127760988001e+00,1.931079127760988001e+00,1.931079127760988001e+00,4.320214640897095393e-01,4.320214640897095393e-01,4.261491008937863256e-01,4.134831806878676019e-01,4.134831806878676019e-01,4.134831806878676019e-01,4.101648049036992205e-01,4.101648049036992205e-01,4.101648049036992205e-01,4.101648049036992205e-01
4.858243836947121252e+00,3.311612764967934552e+00,1.389756057689393032e+00,1.389756057689393032e+00,8.706158990430665767e-01,8.706158990430665767e-01,8.706158990430665767e-01,4.527930983492396422e-01,4.527930983492396422e-01,4.101894894154316518e-01,4.101894894154316518e-01,4.099319096902291903e-01,4.099319096902291903e-01,4.099319096902291903e-01,4.099319096902291903e-01,4.067546855211059409e-01,4.067546855211059409e-01,4.067546855211059409e-01,4.010783185845312460e-01,4.010783185845312460e-01,4.010783185845312460e-01
1.237863797389685772e+00,1.237863797389685772e+00,1.237863797389685772e+00,9.602315114541877250e-01,9.602315114541877250e-01,9.602315114541877250e-01,9.318672410020649721e-01,9.318672410020649721e-01,9.318672410020649721e-01,9.318672410020649721e-01,9.318672410020649721e-01,9.318672410020649721e-01,4.641413115379364740e-01,4.018893440951050167e-01,4.000686024729454005e-01,3.998885868595323245e-01,3.997231388606010682e-01,3.996017660079314027e-01,3.996017660079314027e-01,3.996017660079314027e-01,3.996017660079314027e-01
