3.545196855107315415e+00,3.545196855107315415e+00,3.545196855107315415e+00,2.913326788795640887e+00,1.609159066875234245e+00,7.426026657960421717e-01,6.154743699298973469e-01,5.188272007597644064e-01,4.730162644170371467e-01,4.315961215233522497e-01,4.229179331167626232e-01,4.012798849132527268e-01,4.012798849132527268e-01,4.012798849132527268e-01,4.012798849132527268e-01,4.012798849132527268e-01,4.012798849132527268e-01,4.012798849132527268e-01,4.012798849132527268e-01,4.012798849132527268e-01,4.012798849132527268e-01
9.746850357467707227e+00,9.746850357467707227e+00,9.746850357467707227e+00,9.746850357467707227e+00,9.746850357467707227e+00,9.746850357467707227e+00,9.746850357467707227e+00,7.422982430311058089e+00,6.242338441821086548e+00,6.242338441821086548e+00,6.241609056603413919e+00,6.235941587444800760e+00,6.228566190900821198e+00,6.216528355862632083e+00,6.191579683410775914e+00,6.126320077884528814e+00,5.085495502097040266e+00,1.534224187984548848e+00,1.514845274863979796e+00,1.388645779140190939e+00,1.388645779140190939e+00
7.693125871351418787e+00,7.693125871351418787e+00,7.693125871351418787e+00,6.538753905124240262e+00,6.110338166871681409e+00,6.110338166871681409e+00,4.404598071687532368e+00,3.434007064726475988e+00,2.835324620737344148e+00,6.155717360510665204e-01,4.254609585767942237e-01,4.245417637016758450e-01,4.118248262462654852e-01,4.116715082696932315e-01,4.116715082696932315e-01,4.116715082696932315e-01,4.116715082696932315e-01,4.116715082696932315e-01,4.116715082696932315e-01,4.116715082696932315e-01,4.116715082696932315e-01
5.094302375041932507e+00,5.094302375041932507e+00,4.719660231425135244e+00,3.635687089505776903e+00,3.635687089505776903e+00,3.635687089505776903e+00,3.144112198665677482e+00,3.144112198665677482e+00,2.177864006608715819e+00,1.846397964856315355e+00,8.552893483067266489e-01,8.552893483067266489e-01,6.771896303196137668e-01,4.636758926836553885e-01,4.636758926836553885e-01,4.636758926836553885e-01,4.636758926836553885e-01,4.632817228861975112e-01,4.628633885088292432e-01,4.625442118163879401e-01,4.622894134805141109e-01
8.843966319397878806e+00,7.131143061973955755e-01,7.131143061973955755e-01,5.431261791282865348e-01,5.055280482729430647e-01,4.367070465265748824e-01,4.367070465265748824e-01,4.077711365476642813e-01,3.992679476780286452e-01,3.992679476780286452e-01,3.992679476780286452e-01,3.992679476780286452e-01,3.992679476780286452e-01,3.992679476780286452e-01,3.992679476780286452e-01,3.992679476780286452e-01,3.992679476780286452e-01,3.992679476780286452e-01,3.992679476780286452e-01,3.992679476780286452e-01,3.992679476780286452e-01
6.166339592124312929e+00,2.134017597374425534e+00,5.549010901858651978e-01,5.326331407550971564e-01,5.326331407550971564e-01,4.875489800809128527e-01,4.875489800809128527e-01,4.464783124073560261e-01,4.464783124073560261e-01,4.464783124073560261e-01,4.464783124073560261e-01,4.464783124073560261e-01,4.464783124073560261e-01,4.464783124073560261e-01,4.464783124073560261e-01,4.464783124073560261e-01,4.464783124073560261e-01,4.464783124073560261e-01,4.464783124073560261e-01,4.464783124073560261e-01,4.464783124073560261e-01
1.463105973244504909e+01,3.848807664386591831e+00,2.420378640004788195e+00,1.891896228062261542e+00,1.891896228062261542e+00,4.346471381692557090e-01,4.346471381692557090e-01,4.346471381692557090e-01,4.182851990913080131e-01,4.034864651398210045e-01,3.981800833635170678e-01,3.979400524279556040e-01,3.979400524279556040e-01,3.979400524279556040e-01,3.979400524279556040e-01,3.979400524279556040e-01,3.979400524279556040e-01,3.979400524279556040e-01,3.979400524279556040e-01,3.979400524279556040e-01,3.979400524279556040e-01
2.087576548445779778e+00,2.087576548445779778e+00,2.087576548445779778e+00,2.087576548445779778e+00,2.087576548445779778e+00,2.087576548445779778e+00,2.087576548445779778e+00,2.087576548445779778e+00,2.087576548445779778e+00,2.087576548445779778e+00,2.087576548445779778e+00,2.087576548445779778e+00,2.087573978784139861e+00,2.087571186346432128e+00,2.087571186346432128e+00,2.087559442562294088e+00,2.087449069152440551e+00,2.087449069152440551e+00,9.524381593313063776e-01,9.524381593313063776e-01,9.524381593313063776e-01
1.094298286285527055e+00,1.094298286285527055e+00,1.094298286285527055e+00,1.094298286285527055e+00,1.094298286285527055e+00,6.193763924787810682e-01,4.223068767314545058e-01,4.223068767314545058e-01,4.089249700760363426e-01,4.028295464470855736e-01,3.997639607359905201e-01,3.987647678375269011e-01,3.985310765276307565e-01,3.984784810994154158e-01,3.984679948916217684e-01,3.984679948916217684e-01,3.984679948916217684e-01,3.984679948916217684e-01,3.984679948916217684e-01,3.984679948916217684e-01,3.984679948916217684e-01
1.686375184037311570e+00,1.686375184037311570e+00,1.686375184037311570e+00,1.510798676974641097e+00,1.510798676974641097e+00,1.510798676974641097e+00,6.744163588011798938e-01,6.744163588011798938e-01,5.984793658067283362e-01,4.666359850207514315e-01,4.041623393338938941e-01,4.029929243817190754e-01,4.029929243817190754e-01,4.029929243817190754e-01,4.029929243817190754e-01,4.029929243817190754e-01,4.029929243817190754e-01,4.029929243817190754e-01,4.029929243817190754e-01,4.029929243817190754e-01,4.029929243817190754e-01
5.604303918368117365e+00,5.604303918368117365e+00,5.604303918368117365e+00,6.749394039361115150e-01,6.749394039361115150e-01,5.315226971386640686e-01,4.934256046991888356e-01,4.563425504311170444e-01,4.130182703160923952e-01,4.130182703160923952e-01,4.130182703160923952e-01,4.130182703160923952e-01,4.130182703160923952e-01,4.130182703160923952e-01,4.130182703160923952e-01,4.130182703160923952e-01,4.130182703160923952e-01,4.130182703160923952e-01,4.130182703160923952e-01,4.130182703160923952e-01,4.130182703160923952e-01
5.101854702066825453e+00,5.101851701364842562e+00,2.917810495143363880e+00,2.917810495143363880e+00,2.536500933938053315e+00,2.530786161862858208e+00,2.520481166336785428e+00,2.299069059842411278e+00,1.878717052349951899e+00,1.062054828768848935e+00,6.640672092187608344e-01,4.940740763756396037e-01,4.620579367410507787e-01,4.306856441508043476e-01,4.306856441508043476e-01,4.306856441508043476e-01,4.127730804849393254e-01,4.127730804849393254e-01,4.127730804849393254e-01,4.127730804849393254e-01,4.127730804849393254e-01
2.061964464423118315e+01,2.061964464423118315e+01,1.953893866270532342e+01,1.953893866270532342e+01,1.096088903565150474e+01,1.096088903565150474e+01,1.096088903565150474e+01,1.096088903565150474e+01,1.096088903565150474e+01,1.096088903565150474e+01,1.096088903565150474e+01,1.096088903565150474e+01,1.096088903565150474e+01,1.096088903565150474e+01,1.096088903565150474e+01,1.096088903565150474e+01,1.096088903565150474e+01,1.096088903565150474e+01,1.096088903565150474e+01,1.096088903565150474e+01,1.096088903565150474e+01
8.005729131539522925e+00,8.005729131539522925e+00,2.178220826631144469e+00,2.178220826631144469e+00,1.359382692217957711e+00,1.190196987563822972e+00,1.190196987563822972e+00,1.119493097153593908e+00,5.846125441370518816e-01,5.846125441370518816e-01,5.452157215978062910e-01,4.478863848904773848e-01,4.007022729098271840e-01,4.007022729098271840e-01,3.986006141548391613e-01,3.985298155928892472e-01,3.984894622883371484e-01,3.984623584980423461e-01,3.984404994332298999e-01,3.984216315227443461e-01,3.984065261587749207e-01
1.746895377936693805e+00,1.746895377936693805e+00,1.746895377936693805e+00,1.746895377936693805e+00,1.746895377936693805e+00,5.631565769601146743e-01,4.173852151013744960e-01,4.032321800382235866e-01,4.032321800382235866e-01,4.032321800382235866e-01,4.032321800382235866e-01,4.032321800382235866e-01,4.032321800382235866e-01,4.032321800382235866e-01,4.032321800382235866e-01,4.032321800382235866e-01,4.032321800382235866e-01,4.032321800382235866e-01,4.032321800382235866e-01,4.032321800382235866e-01,4.032321800382235866e-01
4.827708080693826176e+00,4.827708080693826176e+00,4.827708080693826176e+00,2.975364523450854115e+00,1.221608683534510575e+00,1.221608683534510575e+00,1.221608683534510575e+00,4.931136456484940256e-01,4.730443250984120995e-01,4.697223908603992415e-01,4.697223908603992415e-01,4.697223908603992415e-01,4.697223908603992415e-01,4.697223908603992415e-01,4.697223908603992415e-01,4.697223908603992415e-01,4.697223908603992415e-01,4.697223908603992415e-01,4.697223908603992415e-01,4.697223908603992415e-01,4.697223908603992415e-01
3.557262108599126726e+00,3.557262108599126726e+00,1.893666426349074783e+00,1.499627248374023836e+00,1.399504457874975571e+00,1.399504457874975571e+00,1.399504457874975571e+00,1.093737009520227232e+00,5.056021382833436606e-01,4.601480271110444109e-01,4.445560047707549645e-01,4.309704769063796848e-01,4.181642415172711624e-01,4.082257496535871555e-01,4.025457010198981722e-01,4.001812464738280228e-01,3.993535684562968813e-01,3.990661686616868709e-01,3.989551431336303411e-01,3.989095684464168956e-01,3.988905409686350767e-01
4.992503075044600891e+00,4.992503075044600891e+00,4.242896598438414379e+00,4.242896598438414379e+00,4.242896598438414379e+00,3.444756830868448638e+00,3.148614470117063746e+00,2.664311645964001052e+00,1.716254381913874028e+00,1.207527095973867759e+00,1.082296642048774515e+00,8.434347204941642362e-01,7.985459652143448439e-01,7.044618652285220550e-01,6.628840431195507366e-01,6.461156409342426743e-01,6.128695651928507404e-01,5.246685856753342536e-01,5.246685856753342536e-01,4.224582314970143360e-01,4.218199595912343058e-01
4.858243836947121252e+00,3.223722626836017291e+00,3.223722626836017291e+00,2.169142237239030990e+00,1.644931002294717004e+00,1.511578827416611759e+00,1.150279692661710484e+00,8.954277506061264491e-01,6.492699655570018935e-01,4.110218773815078608e-01,4.050611352716854130e-01,4.050611352716854130e-01,4.009095964695018610e-01,4.009095964695018610e-01,4.009095964695018610e-01,4.009095964695018610e-01,4.009095964695018610e-01,4.009095964695018610e-01,4.009095964695018610e-01,4.009095964695018610e-01,4.009095964695018610e-01
1.237863797389685772e+00,1.237863797389685772e+00,1.237863797389685772e+00,1.164372360041522114e+00,1.132830810691377366e+00,1.132830810691377366e+00,1.128403646022613671e+00,1.118257060370440925e+00,1.076654542904256218e+00,7.438199874946819223e-01,4.601191937903373885e-01,4.047630692441331890e-01,4.001366415282846534e-01,3.983724196913326354e-01,3.979510161492251230e-01,3.979510161492251230e-01,3.979510161492251230e-01,3.979510161492251230e-01,3.979510161492251230e-01,3.979510161492251230e-01,3.979510161492251230e-01
