3.545196855107315415e+00,3.545196855107315415e+00,3.545196855107315415e+00,2.879779977514877132e+00,1.619056090862997621e+00,7.244296567526316011e-01,5.280691679708571229e-01,5.280691679708571229e-01,5.280691679708571229e-01,4.191430968554250569e-01,4.005742384985531146e-01,4.005742384985531146e-01,4.005742384985531146e-01,4.005742384985531146e-01,4.005742384985531146e-01,4.005742384985531146e-01,4.005742384985531146e-01,4.005742384985531146e-01,4.005742384985531146e-01,4.005569412634297777e-01,4.005569412634297777e-01
9.746850357467707227e+00,9.746850357467707227e+00,9.746850357467707227e+00,9.746850357467707227e+00,9.746850357467707227e+00,9.746850357467707227e+00,9.746850357467707227e+00,7.371805792057620543e+00,6.229985186153816912e+00,6.229985186153816912e+00,6.229985186153816912e+00,6.214577331485111600e+00,6.173939090459443335e+00,5.983445899238140520e+00,2.109182600348917802e+00,2.109182600348917802e+00,2.109182600348917802e+00,1.172928512176692806e+00,1.172928512176692806e+00,1.172928512176692806e+00,6.336206797415115943e-01
7.693125871351418787e+00,7.693125871351418787e+00,7.693125871351418787e+00,7.045027802433910580e+00,2.438344613721927345e+00,2.438344613721927345e+00,2.131884970543424629e+00,2.131884970543424629e+00,1.439646107774809280e+00,1.439646107774809280e+00,1.439646107774809280e+00,1.435038683920264901e+00,1.413771079669809083e+00,1.213067178159903392e+00,6.979764211142729380e-01,4.884220702141810477e-01,4.818255542800233826e-01,4.803794592006038755e-01,4.782407326575217610e-01,4.728782094797630009e-01,4.304831245060896094e-01
5.094302375041932507e+00,5.094302375041932507e+00,4.281616020435098591e+00,1.779948838380363441e+00,1.779948838380363441e+00,1.464206569507680911e+00,1.464206569507680911e+00,7.820159743179360134e-01,7.688635752911618937e-01,7.599616529864849923e-01,7.547211643154962957e-01,7.496280188715935822e-01,7.436731692367715141e-01,7.359494659363026159e-01,7.249648585273753554e-01,6.997868780556206758e-01,6.147459961177865750e-01,6.147459961177865750e-01,5.073861500125627089e-01,5.073861500125627089e-01,4.726276813332432880e-01
8.843966319397878806e+00,7.131143061973954644e-01,7.131143061973954644e-01,7.131143061973954644e-01,7.131143061973954644e-01,6.415479589950123795e-01,4.895418610697515049e-01,4.467943003816845504e-01,4.467943003816845504e-01,4.443870447890088116e-01,4.443870447890088116e-01,4.384706479764570730e-01,4.086262382378649249e-01,4.086262382378649249e-01,4.086262382378649249e-01,4.086262382378649249e-01,4.004009333445424090e-01,4.004009333445424090e-01,3.979759426303441927e-01,3.979759426303441927e-01,3.979759426303441927e-01
6.166339592124312929e+00,2.134017597374425534e+00,4.251628128973479193e-01,4.251628128973479193e-01,4.251628128973479193e-01,4.251628128973479193e-01,4.251628128973479193e-01,4.033801321391710104e-01,4.033801321391710104e-01,4.033801321391710104e-01,4.033801321391710104e-01,4.006120014538776530e-01,4.005079062203158458e-01,4.005079062203158458e-01,4.005079062203158458e-01,4.005079062203158458e-01,4.005079062203158458e-01,4.005079062203158458e-01,4.005079062203158458e-01,4.005079062203158458e-01,4.004179083428756059e-01
1.463105973244504909e+01,3.848807664386591831e+00,2.585951328064138188e+00,1.954720402584317895e+00,1.954720402584317895e+00,5.383188878305151803e-01,5.383188878305151803e-01,5.383188878305151803e-01,5.383188878305151803e-01,4.536067140637349837e-01,4.536067140637349837e-01,4.112530970324375090e-01,4.112530970324375090e-01,3.983719776942908908e-01,3.983719776942908908e-01,3.983719776942908908e-01,3.983719776942908908e-01,3.983719776942908908e-01,3.983719776942908908e-01,3.983719776942908908e-01,3.983719776942908908e-01
2.087576548445779778e+00,2.087576548445779778e+00,2.087576247289613107e+00,2.087576247289613107e+00,2.087576247289613107e+00,2.087576247289613107e+00,2.087576247289613107e+00,2.087576247289613107e+00,2.087576247289613107e+00,2.087576247289613107e+00,2.087573905551615816e+00,2.087573905551615816e+00,2.087571964211850428e+00,2.087566534263124218e+00,2.087528672787014372e+00,2.086782549364986750e+00,2.086782549364986750e+00,8.984752427941735675e-01,8.984752427941735675e-01,8.984752427941735675e-01,8.984752427941735675e-01
1.094298286285527055e+00,1.094298286285527055e+00,1.094298286285527055e+00,1.094298286285527055e+00,1.094298286285527055e+00,5.662604419128012267e-01,3.984439525233547386e-01,3.984439525233547386e-01,3.984439525233547386e-01,3.984439525233547386e-01,3.984439525233547386e-01,3.984439525233547386e-01,3.984439525233547386e-01,3.984439525233547386e-01,3.984439525233547386e-01,3.984439525233547386e-01,3.984439525233547386e-01,3.984439525233547386e-01,3.984439525233547386e-01,3.984439525233547386e-01,3.984439525233547386e-01
1.686375184037311570e+00,1.686375184037311570e+00,1.686375184037311570e+00,1.641944835438481576e+00,1.641944835438481576e+00,1.641944835438481576e+00,6.957996654781464230e-01,6.957996654781464230e-01,4.964604151122529174e-01,4.751847072593839982e-01,4.159792685256888944e-01,4.159792685256888944e-01,4.159792685256888944e-01,4.159792685256888944e-01,4.159792685256888944e-01,4.159792685256888944e-01,4.159792685256888944e-01,4.159792685256888944e-01,4.159792685256888944e-01,4.159792685256888944e-01,4.159792685256888944e-01
5.604303918368117365e+00,5.604303918368117365e+00,5.604303918368117365e+00,6.266388157587901020e-01,6.266388157587901020e-01,6.266388157587901020e-01,6.266388157587901020e-01,6.266388157587901020e-01,4.021600329888492809e-01,4.021600329888492809e-01,4.021600329888492809e-01,4.021600329888492809e-01,4.019814040760856244e-01,4.017981455788692813e-01,4.017981455788692813e-01,4.017008954542387045e-01,4.016969677910129377e-01,4.016969677910129377e-01,4.016896622464649624e-01,4.016863371895489365e-01,4.016769215308322316e-01
5.101854702066825453e+00,5.101851701364840785e+00,2.894366395020845140e+00,2.894366395020845140e+00,2.561941862872208375e+00,2.559637372112139708e+00,2.559637372112139708e+00,2.559637372112139708e+00,2.559637372112139708e+00,2.559637372112139708e+00,2.559637372112139708e+00,2.559637372112139708e+00,2.559637372112139708e+00,2.559637372112139708e+00,2.559637372112139708e+00,2.557653208472809858e+00,2.461796170453618871e+00,1.571997262286574326e+00,7.501238573524418030e-01,4.128880239920249551e-01,4.128880239920249551e-01
2.061964464423118315e+01,2.061964464423118315e+01,1.960109172517663723e+01,1.960109172517663723e+01,1.096088903565150474e+01,1.014868659444406163e+01,2.368265909440425254e+00,1.998381402742110069e+00,1.952967226906661580e+00,1.952967226906661580e+00,1.952967226906661580e+00,1.952967226906661580e+00,1.952967226906661580e+00,1.952967226906661580e+00,1.952967226906661580e+00,1.952967226906661580e+00,1.952967226906661580e+00,1.952967226906661580e+00,1.952967226906661580e+00,1.952967226906661580e+00,1.952967226906661580e+00
8.005729131539522925e+00,8.005729131539522925e+00,2.178559853710080318e+00,2.178559853710080318e+00,1.591472834138404124e+00,1.189171832530291795e+00,1.189171832530291795e+00,1.074091785438294977e+00,7.949757582604135564e-01,5.810145093354535106e-01,5.810145093354535106e-01,4.052375951261062426e-01,4.052375951261062426e-01,4.020246459344090084e-01,4.020246459344090084e-01,4.004565639249779707e-01,4.004565639249779707e-01,3.989321125392208955e-01,3.989321125392208955e-01,3.981047176839211943e-01,3.981047176839211943e-01
1.746895377936693805e+00,1.746895377936693805e+00,1.746895377936693805e+00,1.746895377936693805e+00,1.746895377936693805e+00,5.920262179890070087e-01,4.117590598949174563e-01,4.117590598949174563e-01,4.117590598949174563e-01,4.117590598949174563e-01,4.106162894390248397e-01,4.011930896924145173e-01,4.011930896924145173e-01,4.011930896924145173e-01,4.011930896924145173e-01,3.995117700929622373e-01,3.995117700929622373e-01,3.995117700929622373e-01,3.992885382773305736e-01,3.991732605987969862e-01,3.990473235668403618e-01
4.827708080693826176e+00,4.827708080693826176e+00,4.827708080693826176e+00,3.030916175748426866e+00,1.244854636617780841e+00,1.201787859015736259e+00,1.201787859015736259e+00,9.086832090929224393e-01,8.464969425030730577e-01,6.278395578157489609e-01,4.209414652980107974e-01,4.209414652980107974e-01,4.209414652980107974e-01,3.985124767982650695e-01,3.985124767982650695e-01,3.985124767982650695e-01,3.981490731361017055e-01,3.981490731361017055e-01,3.981490731361017055e-01,3.981490731361017055e-01,3.981490731361017055e-01
3.557262108599126726e+00,3.557262108599126726e+00,2.018000543679224990e+00,1.119515775469828611e+00,1.029405691163809422e+00,1.029405691163809422e+00,1.029405691163809422e+00,7.981176685307911356e-01,7.741716675881775700e-01,7.212846735083662253e-01,7.212846735083662253e-01,5.594024625785642968e-01,5.594024625785642968e-01,5.594024625785642968e-01,5.594024625785642968e-01,5.587009683067378774e-01,5.573215585298711972e-01,5.550182064866131526e-01,5.508151415347484203e-01,5.449352203311104148e-01,5.433064505342724004e-01
4.992503075044600891e+00,4.992503075044600891e+00,4.259758945302598576e+00,4.229394787221038676e+00,3.598107755507995442e+00,3.598107755507995442e+00,3.344076427947788588e+00,2.978330942268698323e+00,1.874213976443598995e+00,1.490735362242194384e+00,1.490735362242194384e+00,1.106544566328178547e+00,1.106544566328178547e+00,9.583310979448498301e-01,6.972685322008533859e-01,4.508047416279552522e-01,4.508047416279552522e-01,4.237810749799191257e-01,4.237810749799191257e-01,4.172871355197464993e-01,4.172871355197464993e-01
4.858243836947121252e+00,3.223722626836017291e+00,3.223722626836017291e+00,1.912168328136770512e+00,1.912168328136770512e+00,1.643368143308586937e+00,1.246526766012960863e+00,1.056892467143867975e+00,9.241955526110547936e-01,4.277545032488365706e-01,4.277545032488365706e-01,4.277545032488365706e-01,4.277545032488365706e-01,4.111048379180921586e-01,4.111048379180921586e-01,4.111048379180921586e-01,4.111048379180921586e-01,4.068757246976826281e-01,4.050178062432134851e-01,4.050178062432134851e-01,4.050178062432134851e-01
1.237863797389685772e+00,1.237863797389685772e+00,1.237863797389685772e+00,1.140947794393246895e+00,1.140947794393246895e+00,9.555764494879817050e-01,7.641747380826870994e-01,5.563209044597119401e-01,5.297084537507803503e-01,4.651805884909805400e-01,4.651805884909805400e-01,4.651805884909805400e-01,3.989985757078269302e-01,3.989985757078269302e-01,3.989985757078269302e-01,3.989985757078269302e-01,3.979037124263946623e-01,3.979037124263946623e-01,3.979037124263946623e-01,3.979037124263946623e-01,3.979037124263946623e-01
