3.545196855107315415e+00,3.545196855107315415e+00,3.545196855107315415e+00,3.545196855107315415e+00,8.465436007630718906e-01,8.465436007630718906e-01,5.652496743596434614e-01,5.652496743596434614e-01,5.652496743596434614e-01,5.652496743596434614e-01,5.652496743596434614e-01,5.652496743596434614e-01,5.652496743596434614e-01,5.652496743596434614e-01,5.652496743596434614e-01,5.652496743596434614e-01,5.652496743596434614e-01,5.652496743596434614e-01,5.652496743596434614e-01,5.652496743596434614e-01,5.652496743596434614e-01
9.746850357467707227e+00,9.746850357467707227e+00,9.746850357467707227e+00,9.746850357467707227e+00,9.746850357467707227e+00,2.950420884885820882e+00,2.950420884885820882e+00,2.950420884885820882e+00,2.950420884885820882e+00,1.945520468513533885e+00,1.945520468513533885e+00,1.945520468513533885e+00,1.945520468513533885e+00,1.945520468513533885e+00,1.945520468513533885e+00,1.634844487989777662e+00,1.510505281622268825e+00,1.510505281622268825e+00,1.296360505053494094e+00,1.138566938392735040e+00,1.036084328576574620e+00
7.693125871351418787e+00,7.693125871351418787e+00,4.834337224266759492e+00,4.834337224266759492e+00,1.832949504233740257e+00,1.832949504233740257e+00,1.832949504233740257e+00,1.832949504233740257e+00,1.832949504233740257e+00,1.832949504233740257e+00,4.398664360073533119e-01,4.398664360073533119e-01,4.398664360073533119e-01,4.398664360073533119e-01,4.398664360073533119e-01,4.398664360073533119e-01,4.398664360073533119e-01,4.398664360073533119e-01,4.398664360073533119e-01,4.398664360073533119e-01,4.398664360073533119e-01
5.094302375041932507e+00,5.094302375041932507e+00,5.094302375041932507e+00,1.931757711959887658e+00,1.931757711959887658e+00,1.931757711959887658e+00,1.931757711959887658e+00,5.190215728466008871e-01,5.190215728466008871e-01,5.190215728466008871e-01,5.190215728466008871e-01,5.190215728466008871e-01,5.190215728466008871e-01,5.190215728466008871e-01,5.190215728466008871e-01,5.190215728466008871e-01,5.190215728466008871e-01,5.190215728466008871e-01,5.190215728466008871e-01,5.190215728466008871e-01,5.190215728466008871e-01
8.843966319397878806e+00,8.843966319397878806e+00,8.843966319397878806e+00,2.310082735626150630e+00,2.310082735626150630e+00,2.310082735626150630e+00,2.310082735626150630e+00,2.310082735626150630e+00,2.310082735626150630e+00,5.526277999863006274e-01,5.526277999863006274e-01,5.526277999863006274e-01,5.526277999863006274e-01,5.526277999863006274e-01,5.526277999863006274e-01,4.171571795757743617e-01,4.171571795757743617e-01,4.171571795757743617e-01,3.997575898982593801e-01,3.988543445167779256e-01,3.985791566759787630e-01
6.166339592124312929e+00,8.288503874560096962e-01,8.288503874560096962e-01,8.239175284763488039e-01,8.239175284763488039e-01,8.239175284763488039e-01,8.239175284763488039e-01,7.816661009543716121e-01,7.816661009543716121e-01,7.816661009543716121e-01,7.816661009543716121e-01,4.559554870379988190e-01,4.559554870379988190e-01,4.559554870379988190e-01,4.559554870379988190e-01,4.559554870379988190e-01,4.559554870379988190e-01,4.559554870379988190e-01,4.559554870379988190e-01,4.559554870379988190e-01,4.559554870379988190e-01
1.463105973244504909e+01,2.337465274440787333e+00,2.337465274440787333e+00,6.499523473656713124e-01,6.499523473656713124e-01,6.499523473656713124e-01,4.082338831642396970e-01,4.082338831642396970e-01,4.082338831642396970e-01,4.082338831642396970e-01,4.082338831642396970e-01,4.082338831642396970e-01,4.082338831642396970e-01,4.082338831642396970e-01,4.082338831642396970e-01,4.082338831642396970e-01,4.082338831642396970e-01,4.082338831642396970e-01,4.082338831642396970e-01,4.069590010850473449e-01,4.069590010850473449e-01
2.087576548445779778e+00,2.087576548445779778e+00,9.144615001739176963e-01,9.144615001739176963e-01,9.144615001739176963e-01,9.144615001739176963e-01,5.166899705378168450e-01,5.166899705378168450e-01,5.166899705378168450e-01,5.166899705378168450e-01,5.166899705378168450e-01,5.166899705378168450e-01,5.166899705378168450e-01,5.166899705378168450e-01,5.166899705378168450e-01,5.015577109743177830e-01,5.015577109743177830e-01,5.015577109743177830e-01,5.015577109743177830e-01,5.015577109743177830e-01,5.015577109743177830e-01
1.094298286285527055e+00,1.094298286285527055e+00,1.094298286285527055e+00,9.875998869957528514e-01,9.875998869957528514e-01,9.875998869957528514e-01,9.875998869957528514e-01,9.875998869957528514e-01,9.875998869957528514e-01,9.875998869957528514e-01,4.044338234961381007e-01,4.044338234961381007e-01,4.044338234961381007e-01,4.044338234961381007e-01,4.044338234961381007e-01,4.044338234961381007e-01,4.044338234961381007e-01,4.044338234961381007e-01,4.044338234961381007e-01,4.044338234961381007e-01,4.044338234961381007e-01
1.686375184037311570e+00,1.686375184037311570e+00,1.686375184037311570e+00,7.155218543049796098e-01,7.155218543049796098e-01,7.155218543049796098e-01,7.155218543049796098e-01,7.155218543049796098e-01,7.155218543049796098e-01,7.155218543049796098e-01,7.155218543049796098e-01,7.155218543049796098e-01,7.155218543049796098e-01,4.488548676437159601e-01,4.488548676437159601e-01,4.488548676437159601e-01,4.488548676437159601e-01,4.488548676437159601e-01,4.488548676437159601e-01,4.214585353727501316e-01,4.214585353727501316e-01
5.604303918368117365e+00,5.604303918368117365e+00,5.604303918368117365e+00,5.604303918368117365e+00,5.604303918368117365e+00,5.604303918368117365e+00,6.045281350778674012e-01,6.045281350778674012e-01,6.045281350778674012e-01,6.045281350778674012e-01,6.045281350778674012e-01,6.045281350778674012e-01,6.045281350778674012e-01,6.045281350778674012e-01,4.101687238378969314e-01,4.101687238378969314e-01,4.101687238378969314e-01,4.101687238378969314e-01,4.101687238378969314e-01,4.101687238378969314e-01,4.101687238378969314e-01
5.101854702066825453e+00,5.101854702066825453e+00,5.101854702066825453e+00,5.101854702066825453e+00,4.128333417592189747e+00,4.128333417592189747e+00,2.349574075053760147e+00,2.349574075053760147e+00,8.743676100516674099e-01,8.743676100516674099e-01,8.743676100516674099e-01,8.743676100516674099e-01,8.743676100516674099e-01,8.743676100516674099e-01,8.743676100516674099e-01,8.743676100516674099e-01,8.743676100516674099e-01,8.743676100516674099e-01,8.743676100516674099e-01,4.619930171811682529e-01,4.619930171811682529e-01
2.061964464423118315e+01,2.061964464423118315e+01,5.920316709700096602e+00,5.920316709700096602e+00,5.920316709700096602e+00,5.920316709700096602e+00,5.920316709700096602e+00,5.199212042795467781e+00,1.094720762931860492e+00,1.094720762931860492e+00,1.094720762931860492e+00,4.037081982736819841e-01,4.037081982736819841e-01,4.037081982736819841e-01,4.037081982736819841e-01,4.037081982736819841e-01,4.037081982736819841e-01,4.037081982736819841e-01,4.037081982736819841e-01,4.037081982736819841e-01,4.037081982736819841e-01
8.005729131539522925e+00,8.005729131539522925e+00,3.284365384717560232e+00,3.284365384717560232e+00,3.284365384717560232e+00,3.284365384717560232e+00,7.676075105869594184e-01,7.676075105869594184e-01,7.676075105869594184e-01,4.185007269806321206e-01,4.185007269806321206e-01,4.185007269806321206e-01,4.185007269806321206e-01,4.185007269806321206e-01,4.185007269806321206e-01,4.185007269806321206e-01,4.185007269806321206e-01,4.185007269806321206e-01,4.185007269806321206e-01,4.185007269806321206e-01,4.185007269806321206e-01
1.746895377936693805e+00,1.746895377936693805e+00,1.746895377936693805e+00,1.746895377936693805e+00,1.746895377936693805e+00,1.746895377936693805e+00,1.746895377936693805e+00,1.746895377936693805e+00,1.746895377936693805e+00,1.746895377936693805e+00,1.746895377936693805e+00,1.746895377936693805e+00,5.594213828608795014e-01,5.594213828608795014e-01,5.594213828608795014e-01,5.594213828608795014e-01,5.594213828608795014e-01,4.050686343377131182e-01,4.050686343377131182e-01,4.050686343377131182e-01,4.050686343377131182e-01
4.827708080693826176e+00,4.827708080693826176e+00,4.827708080693826176e+00,2.223844255983833840e+00,2.223844255983833840e+00,2.223844255983833840e+00,2.223844255983833840e+00,5.194417462989823209e-01,5.194417462989823209e-01,5.194417462989823209e-01,5.194417462989823209e-01,5.194417462989823209e-01,5.194417462989823209e-01,5.194417462989823209e-01,5.194417462989823209e-01,5.194417462989823209e-01,5.194417462989823209e-01,5.194417462989823209e-01,4.863227207256813900e-01,4.863227207256813900e-01,4.863227207256813900e-01
3.557262108599126726e+00,3.557262108599126726e+00,6.792688554368578879e-01,6.792688554368578879e-01,6.792688554368578879e-01,6.792688554368578879e-01,6.792688554368578879e-01,6.792688554368578879e-01,6.792688554368578879e-01,6.792688554368578879e-01,6.792688554368578879e-01,6.792688554368578879e-01,6.792688554368578879e-01,4.063748277699287259e-01,4.063748277699287259e-01,4.063748277699287259e-01,4.063748277699287259e-01,4.063748277699287259e-01,4.063748277699287259e-01,4.063748277699287259e-01,4.063748277699287259e-01
4.992503075044600891e+00,4.992503075044600891e+00,4.992503075044600891e+00,4.992503075044600891e+00,4.992503075044600891e+00,4.992503075044600891e+00,1.840118849175768290e+00,1.840118849175768290e+00,1.840118849175768290e+00,1.840118849175768290e+00,1.840118849175768290e+00,4.315573578632535545e-01,4.315573578632535545e-01,4.315573578632535545e-01,4.315573578632535545e-01,4.315573578632535545e-01,4.315573578632535545e-01,4.315573578632535545e-01,4.315573578632535545e-01,4.315573578632535545e-01,4.315573578632535545e-01
4.858243836947121252e+00,3.521133764458756588e+00,1.709653364694059263e+00,1.709653364694059263e+00,1.674437557188090508e+00,1.674437557188090508e+00,6.216349292986259600e-01,6.216349292986259600e-01,6.216349292986259600e-01,6.216349292986259600e-01,6.216349292986259600e-01,6.216349292986259600e-01,6.216349292986259600e-01,6.216349292986259600e-01,4.331358932159919961e-01,4.331358932159919961e-01,4.331358932159919961e-01,4.331358932159919961e-01,4.331358932159919961e-01,4.331358932159919961e-01,4.331358932159919961e-01
1.237863797389685772e+00,1.237863797389685772e+00,1.237863797389685772e+00,1.237863797389685772e+00,1.168422016116554829e+00,1.168422016116554829e+00,1.168422016116554829e+00,1.168422016116554829e+00,1.168422016116554829e+00,1.168422016116554829e+00,1.168422016116554829e+00,1.168422016116554829e+00,1.168422016116554829e+00,1.168422016116554829e+00,1.168422016116554829e+00,5.922465278396612520e-01,5.922465278396612520e-01,5.922465278396612520e-01,5.922465278396612520e-01,5.922465278396612520e-01,5.922465278396612520e-01
