3.545196855107317191e+00,3.545196855107317191e+00,3.545196855107317191e+00,1.990874498459024977e+00,1.990874498459024977e+00,5.626369422528689768e-01,5.626369422528689768e-01,5.626369422528689768e-01,5.626369422528689768e-01,5.626369422528689768e-01,5.626369422528689768e-01,5.626369422528689768e-01,5.626369422528689768e-01,5.626369422528689768e-01,5.626369422528689768e-01,5.626369422528689768e-01,5.626369422528689768e-01,5.626369422528689768e-01,5.626369422528689768e-01,5.626369422528689768e-01,5.626369422528689768e-01
9.746850357467707227e+00,9.746850357467707227e+00,9.746850357467707227e+00,9.746850357467707227e+00,9.746850357467707227e+00,4.251204167583377824e+00,2.749429728922571314e+00,2.749429728922571314e+00,1.943150320102301265e+00,1.943150320102301265e+00,1.943150320102301265e+00,1.943150320102301265e+00,1.943150320102301265e+00,1.943150320102301265e+00,1.943150320102301265e+00,1.943150320102301265e+00,1.943150320102301265e+00,1.943150320102301265e+00,1.943150320102301265e+00,1.943150320102301265e+00,1.943150320102301265e+00
7.693125871351419676e+00,7.693125871351419676e+00,6.626195606424793993e+00,5.930465578145934558e+00,5.930465578145934558e+00,4.453727871767181767e+00,3.155592574863941735e+00,1.023162026218205511e+00,4.203753746655962686e-01,4.203753746655962686e-01,4.103225254314111226e-01,4.046011240366702566e-01,3.997591112633323007e-01,3.990854239141690130e-01,3.990854239141690130e-01,3.990854239141690130e-01,3.990854239141690130e-01,3.990854239141690130e-01,3.990854239141690130e-01,3.990854239141690130e-01,3.990854239141690130e-01
5.094302375041930731e+00,5.094302375041930731e+00,5.094302375041930731e+00,5.094302375041930731e+00,5.094302375041930731e+00,4.227616250606835990e+00,4.227616250606835990e+00,4.046086716211608092e+00,3.785027974702945386e+00,3.037873814556785845e+00,1.891828211151466377e+00,1.752250385894512874e+00,1.640491932211052273e+00,1.548793510313842603e+00,1.269851000494696791e+00,6.007057260119275099e-01,4.617717774420633248e-01,4.308838251436313271e-01,4.296123223488272913e-01,4.293723189325895362e-01,4.292928287623283268e-01
8.843966319397878806e+00,7.131141016452140491e-01,7.131141016452140491e-01,7.131141016452140491e-01,5.491847539894294528e-01,4.010170684891996018e-01,3.993713604298925191e-01,3.989429664369339434e-01,3.987671285769316398e-01,3.986715920627510457e-01,3.986122377263576766e-01,3.985734354828345261e-01,3.985465324053940606e-01,3.985287558227135207e-01,3.985166986935482214e-01,3.985090255739294207e-01,3.985051367832745939e-01,3.985041122877497344e-01,3.985041122877497344e-01,3.985041122877497344e-01,3.985041122877497344e-01
6.166339592124312929e+00,2.134017313112615000e+00,1.521366865712426630e+00,1.035008156858342687e+00,4.592240171610235677e-01,4.561791489831286128e-01,4.549617796315708063e-01,4.540205110863588800e-01,4.532728362715126025e-01,4.526706234787418737e-01,4.521809220697043941e-01,4.517799782556295440e-01,4.514459350924546754e-01,4.511684846492691747e-01,4.509330557456969757e-01,4.507342795635018717e-01,4.505637266430149168e-01,4.504169590445208371e-01,4.502901234864182811e-01,4.501792124503687376e-01,4.500832522840205741e-01
1.463105973244504909e+01,3.848809212965978332e+00,1.995040178271246134e+00,1.168839434772184660e+00,7.607637118025785128e-01,7.607637118025785128e-01,4.059489949725296754e-01,4.059489949725296754e-01,4.059489949725296754e-01,4.059489949725296754e-01,4.059489949725296754e-01,4.059489949725296754e-01,4.059489949725296754e-01,4.059489949725296754e-01,4.059489949725296754e-01,4.059489949725296754e-01,4.059489949725296754e-01,4.059489949725296754e-01,4.059489949725296754e-01,4.059489949725296754e-01,4.059489949725296754e-01
2.087576548445778002e+00,2.087576548445778002e+00,2.087576548445778002e+00,2.087576548445778002e+00,2.087576548445778002e+00,2.087576548445778002e+00,2.087576548445778002e+00,2.087576548445778002e+00,2.087576548445778002e+00,2.087576548445778002e+00,2.087576548445778002e+00,2.087576548445778002e+00,2.087576548445778002e+00,2.087576548445778002e+00,2.087576548445778002e+00,2.087576548445778002e+00,9.269003967273050648e-01,6.878233052127065150e-01,5.809241425859852370e-01,4.299574575116089648e-01,4.299574575116089648e-01
1.094298286285525279e+00,1.094298286285525279e+00,1.094298286285525279e+00,1.094298286285525279e+00,1.094298286285525279e+00,9.237068783072821532e-01,7.361200425271192671e-01,5.836308162551233636e-01,5.725215709699575939e-01,5.725215709699575939e-01,5.725215709699575939e-01,5.725215709699575939e-01,5.725215709699575939e-01,5.725215709699575939e-01,5.725215709699575939e-01,5.725215709699575939e-01,5.725215709699575939e-01,5.725215709699575939e-01,5.725215709699575939e-01,5.725215709699575939e-01,5.725215709699575939e-01
1.686375184037313346e+00,1.686375184037313346e+00,1.686375184037313346e+00,8.799523977065000224e-01,8.799523977065000224e-01,8.799523977065000224e-01,5.750267665744068779e-01,5.532826581156591317e-01,5.532826581156591317e-01,5.532826581156591317e-01,5.528880711457269115e-01,5.517440112925342532e-01,5.506164161072355512e-01,5.506164161072355512e-01,5.506164161072355512e-01,5.506164161072355512e-01,5.506164161072355512e-01,5.506164161072355512e-01,5.506164161072355512e-01,5.506164161072355512e-01,5.506164161072355512e-01
5.604303918368117365e+00,5.604303918368117365e+00,5.604303918368117365e+00,1.614379741730378015e+00,1.596736690795914626e+00,9.228475358672341144e-01,7.439286933265627511e-01,7.000590688019947549e-01,6.036562371005800287e-01,4.605758390705076977e-01,4.454250323029569358e-01,4.454250323029569358e-01,4.454250323029569358e-01,4.454250323029569358e-01,4.454250323029569358e-01,4.452392477550901617e-01,4.448247123151318760e-01,4.444400415630056500e-01,4.440723970618627447e-01,4.437308691535797323e-01,4.434063811466728566e-01
5.101854702066827230e+00,5.101854702066827230e+00,4.662273676212642215e+00,2.291760637975645665e+00,1.718594674485121487e+00,7.183757998218247565e-01,7.183757998218247565e-01,7.183757998218247565e-01,7.183757998218247565e-01,7.183757998218247565e-01,7.183757998218247565e-01,7.183757998218247565e-01,7.183757998218247565e-01,7.183757998218247565e-01,7.183757998218247565e-01,7.183757998218247565e-01,7.154584861378374683e-01,7.089804056494237727e-01,7.005469335197851422e-01,6.891600960959145539e-01,6.732832215312818391e-01
2.061964464423118315e+01,2.061964464423118315e+01,1.835416807632360658e+01,1.835416807632360658e+01,1.021557755134374190e+01,1.021557755134374190e+01,3.064619893537042117e+00,2.132192589247352998e+00,1.955019107728389827e+00,1.946658305448199400e+00,1.945498607644722711e+00,1.945066082325077161e+00,1.944831803698985340e+00,1.944678599344658920e+00,1.944567201151802038e+00,1.944480971008310632e+00,1.944411078074022470e+00,1.944352013720113348e+00,1.944301710129785477e+00,1.944257347081709497e+00,1.944219344137604111e+00
8.005729131539521148e+00,8.005729131539521148e+00,2.224732485055660902e+00,2.224732485055660902e+00,2.224732485055660902e+00,1.824162139444418074e+00,1.002830740336388970e+00,4.130296579431949056e-01,4.130296579431949056e-01,4.130296579431949056e-01,4.130296579431949056e-01,4.130296579431949056e-01,4.130296579431949056e-01,4.130296579431949056e-01,4.130296579431949056e-01,4.130296579431949056e-01,4.130296579431949056e-01,4.130296579431949056e-01,4.130296579431949056e-01,4.130296579431949056e-01,4.130296579431949056e-01
1.746895377936692029e+00,1.746895377936692029e+00,1.746895377936692029e+00,1.746895377936692029e+00,1.746895377936692029e+00,4.563546020911566359e-01,4.397499378789291313e-01,4.018876772272861331e-01,4.018876772272861331e-01,4.018876772272861331e-01,4.018876772272861331e-01,4.018876772272861331e-01,4.018876772272861331e-01,4.018876772272861331e-01,4.018876772272861331e-01,4.018876772272861331e-01,4.018545483814826014e-01,4.017839431603285050e-01,4.017166218016505752e-01,4.016490729848918306e-01,4.015832390023774678e-01
4.827708080693827952e+00,4.827708080693827952e+00,4.827708080693827952e+00,2.560351488267521347e+00,1.665278949231797867e+00,1.665278949231797867e+00,1.333486118060353220e+00,4.129876455554430947e-01,4.129876455554430947e-01,4.129876455554430947e-01,4.129876455554430947e-01,4.129876455554430947e-01,4.129876455554430947e-01,4.129876455554430947e-01,4.129876455554430947e-01,4.129876455554430947e-01,4.129876455554430947e-01,4.129876455554430947e-01,4.129876455554430947e-01,4.129876455554430947e-01,4.129876455554430947e-01
3.557262108599125838e+00,3.557262108599125838e+00,1.468178948155756558e+00,1.468178948155756558e+00,1.468178948155756558e+00,4.579949911040550603e-01,4.093474508309924431e-01,4.093474508309924431e-01,4.093474508309924431e-01,4.093474508309924431e-01,4.093474508309924431e-01,4.093474508309924431e-01,4.093474508309924431e-01,4.093474508309924431e-01,4.093474508309924431e-01,4.093474508309924431e-01,4.093474508309924431e-01,4.093474508309924431e-01,4.093474508309924431e-01,4.093474508309924431e-01,4.093474508309924431e-01
4.992503075044599115e+00,4.992503075044599115e+00,4.070577956807266418e+00,4.070577956807266418e+00,4.070577956807266418e+00,3.365201321854435434e+00,3.328720384923236963e+00,3.294426697868892973e+00,3.225014771473563968e+00,3.028076859345279814e+00,2.496995610600073690e+00,1.573609698188445094e+00,1.191821549808256719e+00,9.107068790687939952e-01,8.505106701525910751e-01,8.237450728388999721e-01,8.057478400363500270e-01,7.773342314475968351e-01,7.300858519114648004e-01,6.451082174887758924e-01,5.277086418957637193e-01
4.858243836947121252e+00,3.223720541568997788e+00,2.176440845537282343e+00,2.176440845537282343e+00,1.544831975993428586e+00,1.544831975993428586e+00,1.544831975993428586e+00,1.544831975993428586e+00,1.544831975993428586e+00,1.544831975993428586e+00,1.544831975993428586e+00,1.544831975993428586e+00,1.544831975993428586e+00,1.544831975993428586e+00,1.544831975993428586e+00,1.544831975993428586e+00,1.544831975993428586e+00,1.544831975993428586e+00,1.544831975993428586e+00,1.544831975993428586e+00,1.544831975993428586e+00
1.237863797389685772e+00,1.237863797389685772e+00,1.237863797389685772e+00,1.237863797389685772e+00,1.237863797389685772e+00,1.103041763774314177e+00,9.390572425878644935e-01,6.621752638840838756e-01,4.116203709894357132e-01,4.099120932460671440e-01,4.099120932460671440e-01,4.099120932460671440e-01,4.097603939207559165e-01,4.095430482425861385e-01,4.092871332262149053e-01,4.090093730496029423e-01,4.087120223022644439e-01,4.084063463797669158e-01,4.080952836014155594e-01,4.077747145071732859e-01,4.074597667458768058e-01
