3.545196855107315415e+00,3.545196855107315415e+00,3.545196855107315415e+00,3.545196855107315415e+00,8.067297701122716491e-01,8.067297701122716491e-01,8.067297701122716491e-01,8.067297701122716491e-01,8.067297701122716491e-01,8.067297701122716491e-01,8.067297701122716491e-01,8.067297701122716491e-01,8.067297701122716491e-01,8.067297701122716491e-01,8.067297701122716491e-01,8.067297701122716491e-01,8.067297701122716491e-01,8.067297701122716491e-01,8.067297701122716491e-01,8.067297701122716491e-01,8.067297701122716491e-01
9.746850357467707227e+00,9.746850357467707227e+00,9.746850357467707227e+00,9.746850357467707227e+00,9.746850357467707227e+00,2.331906993729660371e+00,2.331906993729660371e+00,2.331906993729660371e+00,2.331906993729660371e+00,8.640378687414999037e-01,8.640378687414999037e-01,8.640378687414999037e-01,8.640378687414999037e-01,8.640378687414999037e-01,8.640378687414999037e-01,8.640378687414999037e-01,8.640378687414999037e-01,8.640378687414999037e-01,8.640378687414999037e-01,4.610874178564633441e-01,4.610874178564633441e-01
7.693125871351418787e+00,7.693125871351418787e+00,4.349724470976717328e+00,4.349724470976717328e+00,3.189893385067200882e+00,1.945866746622421317e+00,1.945866746622421317e+00,1.945866746622421317e+00,1.945866746622421317e+00,1.945866746622421317e+00,1.945866746622421317e+00,1.945866746622421317e+00,1.945866746622421317e+00,1.945866746622421317e+00,1.945866746622421317e+00,8.657497141182358691e-01,8.657497141182358691e-01,8.657497141182358691e-01,8.657497141182358691e-01,8.657497141182358691e-01,8.657497141182358691e-01
5.094302375041932507e+00,5.094302375041932507e+00,5.094302375041932507e+00,2.358942315652269528e+00,2.358942315652269528e+00,2.358942315652269528e+00,2.358942315652269528e+00,2.358942315652269528e+00,1.272883071240894282e+00,4.957972004668037558e-01,4.957972004668037558e-01,4.957972004668037558e-01,4.957972004668037558e-01,4.957972004668037558e-01,4.957972004668037558e-01,4.957972004668037558e-01,4.957972004668037558e-01,4.957972004668037558e-01,4.957972004668037558e-01,4.957972004668037558e-01,4.957972004668037558e-01
8.843966319397878806e+00,8.843966319397878806e+00,8.843966319397878806e+00,8.843966319397878806e+00,8.843966319397878806e+00,3.984360321800490823e+00,3.984360321800490823e+00,1.349777270821238773e+00,1.349777270821238773e+00,1.349777270821238773e+00,1.349777270821238773e+00,1.349777270821238773e+00,1.349777270821238773e+00,1.349777270821238773e+00,1.349777270821238773e+00,1.349777270821238773e+00,1.349777270821238773e+00,1.349777270821238773e+00,7.974005335412482909e-01,6.914509960014535439e-01,4.556872983305649827e-01
6.166339592124312929e+00,1.633206093917825896e+00,1.633206093917825896e+00,1.633206093917825896e+00,1.633206093917825896e+00,1.633206093917825896e+00,1.633206093917825896e+00,1.633206093917825896e+00,4.467505079445023286e-01,4.467505079445023286e-01,4.467505079445023286e-01,4.467505079445023286e-01,4.467505079445023286e-01,4.467505079445023286e-01,4.467505079445023286e-01,4.467505079445023286e-01,4.467505079445023286e-01,4.467505079445023286e-01,4.467505079445023286e-01,4.467505079445023286e-01,4.467505079445023286e-01
1.463105973244504909e+01,5.640773375544257284e+00,5.640773375544257284e+00,7.038454462955315849e-01,7.038454462955315849e-01,7.038454462955315849e-01,7.038454462955315849e-01,7.038454462955315849e-01,7.038454462955315849e-01,7.038454462955315849e-01,7.038454462955315849e-01,7.038454462955315849e-01,7.038454462955315849e-01,7.038454462955315849e-01,7.038454462955315849e-01,7.038454462955315849e-01,7.038454462955315849e-01,7.038454462955315849e-01,7.038454462955315849e-01,3.992702680080243427e-01,3.992702680080243427e-01
2.087576548445779778e+00,2.087576548445779778e+00,1.044977568433894888e+00,1.044977568433894888e+00,1.044977568433894888e+00,1.044977568433894888e+00,6.263196199019632759e-01,6.263196199019632759e-01,6.057410360051350695e-01,6.057410360051350695e-01,6.057410360051350695e-01,6.057410360051350695e-01,6.057410360051350695e-01,6.057410360051350695e-01,6.057410360051350695e-01,6.057410360051350695e-01,6.057410360051350695e-01,6.057410360051350695e-01,6.057410360051350695e-01,5.750404099603551034e-01,5.750404099603551034e-01
1.094298286285527055e+00,1.094298286285527055e+00,1.094298286285527055e+00,1.094298286285527055e+00,1.094298286285527055e+00,1.094298286285527055e+00,1.094298286285527055e+00,1.094298286285527055e+00,1.094298286285527055e+00,1.094298286285527055e+00,1.094298286285527055e+00,1.094298286285527055e+00,1.094298286285527055e+00,1.094298286285527055e+00,1.094298286285527055e+00,1.094298286285527055e+00,1.094298286285527055e+00,1.094298286285527055e+00,1.094298286285527055e+00,4.986467739400542998e-01,4.986467739400542998e-01
1.686375184037311570e+00,1.686375184037311570e+00,1.686375184037311570e+00,8.550219797228867380e-01,8.550219797228867380e-01,8.550219797228867380e-01,8.550219797228867380e-01,8.550219797228867380e-01,8.550219797228867380e-01,8.550219797228867380e-01,8.550219797228867380e-01,8.550219797228867380e-01,8.550219797228867380e-01,4.229972604330091146e-01,4.229972604330091146e-01,4.229972604330091146e-01,4.229972604330091146e-01,4.229972604330091146e-01,4.229972604330091146e-01,4.229972604330091146e-01,4.229972604330091146e-01
5.604303918368117365e+00,3.489078823804826257e+00,3.489078823804826257e+00,3.489078823804826257e+00,3.489078823804826257e+00,3.489078823804826257e+00,2.675015759022739914e+00,2.675015759022739914e+00,8.341216552287243902e-01,8.341216552287243902e-01,8.341216552287243902e-01,8.106908341684883057e-01,8.106908341684883057e-01,8.106908341684883057e-01,8.106908341684883057e-01,5.141427894604754245e-01,5.141427894604754245e-01,5.141427894604754245e-01,5.141427894604754245e-01,5.141427894604754245e-01,5.141427894604754245e-01
5.101854702066825453e+00,5.101854702066825453e+00,5.101854702066825453e+00,5.101854702066825453e+00,5.101854702066825453e+00,5.101854702066825453e+00,5.101854702066825453e+00,1.799859761568349370e+00,1.799859761568349370e+00,1.100591726362297962e+00,9.666985399272968182e-01,9.666985399272968182e-01,9.666985399272968182e-01,9.666985399272968182e-01,9.666985399272968182e-01,9.666985399272968182e-01,9.666985399272968182e-01,9.666985399272968182e-01,9.666985399272968182e-01,9.237862037507832413e-01,9.237862037507832413e-01
2.061964464423118315e+01,1.918121473808730570e+01,1.096088903565150474e+01,1.096088903565150474e+01,1.096088903565150474e+01,1.948239045294336336e+00,1.948239045294336336e+00,1.527546282407394429e+00,1.527546282407394429e+00,1.527546282407394429e+00,1.527546282407394429e+00,1.527546282407394429e+00,1.527546282407394429e+00,1.527546282407394429e+00,1.527546282407394429e+00,1.527546282407394429e+00,1.527546282407394429e+00,1.167612445200315818e+00,1.167612445200315818e+00,7.915659719810169692e-01,7.915659719810169692e-01
8.005729131539522925e+00,8.005729131539522925e+00,2.744771083440721959e+00,2.744771083440721959e+00,2.744771083440721959e+00,2.744771083440721959e+00,6.298256357358128499e-01,6.298256357358128499e-01,6.298256357358128499e-01,6.298256357358128499e-01,6.298256357358128499e-01,6.298256357358128499e-01,6.298256357358128499e-01,6.298256357358128499e-01,6.298256357358128499e-01,6.298256357358128499e-01,6.298256357358128499e-01,6.298256357358128499e-01,6.298256357358128499e-01,5.042223684612104906e-01,5.042223684612104906e-01
1.746895377936693805e+00,1.746895377936693805e+00,1.746895377936693805e+00,1.746895377936693805e+00,1.746895377936693805e+00,1.746895377936693805e+00,1.746895377936693805e+00,1.746895377936693805e+00,1.746895377936693805e+00,1.746895377936693805e+00,1.746895377936693805e+00,1.086624294876004981e+00,1.086624294876004981e+00,1.086624294876004981e+00,1.086624294876004981e+00,7.062535880455859116e-01,7.062535880455859116e-01,7.062535880455859116e-01,7.062535880455859116e-01,7.062535880455859116e-01,7.062535880455859116e-01
4.827708080693826176e+00,4.827708080693826176e+00,4.827708080693826176e+00,2.366648194001654382e+00,2.366648194001654382e+00,2.366648194001654382e+00,2.366648194001654382e+00,7.851498001955389272e-01,7.851498001955389272e-01,7.851498001955389272e-01,7.851498001955389272e-01,7.851498001955389272e-01,7.851498001955389272e-01,7.851498001955389272e-01,7.851498001955389272e-01,7.851498001955389272e-01,7.851498001955389272e-01,7.851498001955389272e-01,7.851498001955389272e-01,7.851498001955389272e-01,7.851498001955389272e-01
3.557262108599126726e+00,3.557262108599126726e+00,1.264520151871316500e+00,1.002824048335346774e+00,1.002824048335346774e+00,1.002824048335346774e+00,1.002824048335346774e+00,1.002824048335346774e+00,1.002824048335346774e+00,1.002824048335346774e+00,1.002824048335346774e+00,1.002824048335346774e+00,1.002824048335346774e+00,1.002824048335346774e+00,1.002824048335346774e+00,1.002824048335346774e+00,1.002824048335346774e+00,1.002824048335346774e+00,6.033459875302186193e-01,6.033459875302186193e-01,6.033459875302186193e-01
4.992503075044600891e+00,4.992503075044600891e+00,4.992503075044600891e+00,4.992503075044600891e+00,4.992503075044600891e+00,4.992503075044600891e+00,4.992503075044600891e+00,4.992503075044600891e+00,1.926503963199079905e+00,1.926503963199079905e+00,1.926503963199079905e+00,1.926503963199079905e+00,1.926503963199079905e+00,1.926503963199079905e+00,1.926503963199079905e+00,1.926503963199079905e+00,1.926503963199079905e+00,1.926503963199079905e+00,1.926503963199079905e+00,1.926503963199079905e+00,1.517082762287861541e+00
4.858243836947121252e+00,4.021377403309191578e+00,2.323279057290966065e+00,2.323279057290966065e+00,1.067198623027179494e+00,1.067198623027179494e+00,1.067198623027179494e+00,1.067198623027179494e+00,1.067198623027179494e+00,1.067198623027179494e+00,1.067198623027179494e+00,1.067198623027179494e+00,1.067198623027179494e+00,1.067198623027179494e+00,1.067198623027179494e+00,9.531903389634274193e-01,9.531903389634274193e-01,7.863512832720936929e-01,7.863512832720936929e-01,5.678672564304322323e-01,5.678672564304322323e-01
1.237863797389685772e+00,1.237863797389685772e+00,1.237863797389685772e+00,1.237863797389685772e+00,1.117801229190899193e+00,1.117801229190899193e+00,1.117801229190899193e+00,1.117801229190899193e+00,1.117801229190899193e+00,1.117801229190899193e+00,1.117801229190899193e+00,1.117801229190899193e+00,1.117801229190899193e+00,1.117801229190899193e+00,1.117801229190899193e+00,1.117801229190899193e+00,1.117801229190899193e+00,1.117801229190899193e+00,1.117801229190899193e+00,1.117801229190899193e+00,1.037618591786944933e+00
