3.545196855107315415e+00,3.545196855107315415e+00,3.545196855107315415e+00,2.125606523263606107e+00,2.125606523263606107e+00,2.125606523263606107e+00,2.125606523263606107e+00,2.125606523263606107e+00,1.922436143824494792e+00,1.922436143824494792e+00,1.922436143824494792e+00,1.922436143824494792e+00,1.922436143824494792e+00,1.922436143824494792e+00,1.922436143824494792e+00,1.922436143824494792e+00,1.922436143824494792e+00,1.922436143824494792e+00,1.922436143824494792e+00,1.922436143824494792e+00,1.922436143824494792e+00
9.746850357467707227e+00,9.746850357467707227e+00,9.746850357467707227e+00,9.746850357467707227e+00,9.746850357467707227e+00,9.746850357467707227e+00,1.957860814233804092e+00,1.957860814233804092e+00,1.957860814233804092e+00,1.957860814233804092e+00,1.957860814233804092e+00,1.957860814233804092e+00,1.957860814233804092e+00,1.957860814233804092e+00,1.957860814233804092e+00,1.957860814233804092e+00,1.957860814233804092e+00,1.957860814233804092e+00,1.957860814233804092e+00,1.405584845160481322e+00,1.405584845160481322e+00
7.693125871351419676e+00,7.693125871351419676e+00,3.537150203399360038e+00,3.537150203399360038e+00,3.537150203399360038e+00,2.320165168217018348e+00,2.320165168217018348e+00,2.320165168217018348e+00,2.320165168217018348e+00,2.320165168217018348e+00,2.320165168217018348e+00,1.741716901575909304e+00,1.279604225569977771e+00,1.279604225569977771e+00,1.279604225569977771e+00,1.279604225569977771e+00,1.279604225569977771e+00,9.180498472578424440e-01,9.180498472578424440e-01,9.180498472578424440e-01,9.180498472578424440e-01
5.094302375041932507e+00,5.094302375041932507e+00,5.094302375041932507e+00,4.127025906370683117e+00,4.127025906370683117e+00,4.127025906370683117e+00,4.127025906370683117e+00,2.540233178869652164e+00,2.540233178869652164e+00,2.540233178869652164e+00,2.540233178869652164e+00,2.540233178869652164e+00,2.540233178869652164e+00,2.540233178869652164e+00,2.540233178869652164e+00,2.540233178869652164e+00,2.540233178869652164e+00,2.540233178869652164e+00,2.540233178869652164e+00,2.540233178869652164e+00,7.331426548667128174e-01
8.843966319397878806e+00,8.843966319397878806e+00,8.843966319397878806e+00,8.843966319397878806e+00,8.843966319397878806e+00,5.147709951854002597e+00,5.147709951854002597e+00,1.994636785983614047e+00,1.994636785983614047e+00,1.994636785983614047e+00,1.994636785983614047e+00,1.994636785983614047e+00,1.994636785983614047e+00,1.994636785983614047e+00,1.994636785983614047e+00,1.994636785983614047e+00,1.044476963832115857e+00,1.044476963832115857e+00,1.044476963832115857e+00,1.044476963832115857e+00,1.044476963832115857e+00
6.166339592124312929e+00,5.401037584325433016e+00,5.042358442131458673e+00,5.042358442131458673e+00,5.042358442131458673e+00,5.042358442131458673e+00,5.042358442131458673e+00,2.534982985813583056e+00,2.534982985813583056e+00,2.534982985813583056e+00,2.534982985813583056e+00,2.534982985813583056e+00,2.534982985813583056e+00,2.534982985813583056e+00,2.534982985813583056e+00,1.854728162371504396e+00,1.854728162371504396e+00,1.854728162371504396e+00,1.854728162371504396e+00,1.854728162371504396e+00,1.854728162371504396e+00
1.463105973244504909e+01,5.065389696166551659e+00,5.065389696166551659e+00,5.065389696166551659e+00,5.065389696166551659e+00,5.065389696166551659e+00,5.065389696166551659e+00,5.065389696166551659e+00,1.943543138068294596e+00,5.332813380431336014e-01,5.332813380431336014e-01,5.332813380431336014e-01,5.332813380431336014e-01,5.332813380431336014e-01,5.332813380431336014e-01,5.332813380431336014e-01,5.332813380431336014e-01,5.332813380431336014e-01,5.332813380431336014e-01,5.332813380431336014e-01,5.332813380431336014e-01
2.087576548445779778e+00,2.087576548445779778e+00,1.753187003034073044e+00,1.753187003034073044e+00,1.753187003034073044e+00,1.014717764333195049e+00,1.014717764333195049e+00,1.014717764333195049e+00,1.014717764333195049e+00,1.014717764333195049e+00,1.014717764333195049e+00,1.014717764333195049e+00,1.014717764333195049e+00,1.014717764333195049e+00,1.014717764333195049e+00,1.014717764333195049e+00,1.014717764333195049e+00,1.014717764333195049e+00,1.014717764333195049e+00,1.014717764333195049e+00,1.014717764333195049e+00
1.094298286285527055e+00,1.094298286285527055e+00,1.094298286285527055e+00,1.094298286285527055e+00,1.094298286285527055e+00,1.094298286285527055e+00,1.094298286285527055e+00,1.094298286285527055e+00,1.094298286285527055e+00,1.094298286285527055e+00,1.094298286285527055e+00,1.094298286285527055e+00,1.094298286285527055e+00,1.094298286285527055e+00,1.094298286285527055e+00,1.094298286285527055e+00,1.094298286285527055e+00,1.094298286285527055e+00,1.094298286285527055e+00,1.094298286285527055e+00,1.094298286285527055e+00
1.686375184037311570e+00,1.686375184037311570e+00,1.686375184037311570e+00,1.686375184037311570e+00,1.686375184037311570e+00,1.686375184037311570e+00,1.686375184037311570e+00,1.686375184037311570e+00,1.686375184037311570e+00,1.686375184037311570e+00,1.686375184037311570e+00,1.686375184037311570e+00,1.686375184037311570e+00,8.360473296959511913e-01,8.360473296959511913e-01,8.360473296959511913e-01,8.360473296959511913e-01,8.360473296959511913e-01,8.360473296959511913e-01,8.360473296959511913e-01,8.360473296959511913e-01
5.604303918368117365e+00,5.604303918368117365e+00,5.604303918368117365e+00,5.604303918368117365e+00,4.667131887915219934e+00,4.364924223523427571e+00,4.364924223523427571e+00,4.364924223523427571e+00,4.364924223523427571e+00,4.364924223523427571e+00,4.364924223523427571e+00,4.364924223523427571e+00,4.364924223523427571e+00,4.364924223523427571e+00,3.158116632876087237e+00,3.158116632876087237e+00,3.158116632876087237e+00,3.158116632876087237e+00,4.591098488794127519e-01,4.591098488794127519e-01,4.591098488794127519e-01
5.101854702066825453e+00,3.573909525238907037e+00,3.573909525238907037e+00,3.573909525238907037e+00,3.573909525238907037e+00,3.573909525238907037e+00,3.573909525238907037e+00,3.573909525238907037e+00,2.412175308126185413e+00,2.412175308126185413e+00,2.412175308126185413e+00,2.412175308126185413e+00,2.412175308126185413e+00,2.412175308126185413e+00,2.412175308126185413e+00,2.412175308126185413e+00,2.412175308126185413e+00,2.412175308126185413e+00,2.412175308126185413e+00,2.412175308126185413e+00,2.412175308126185413e+00
2.061964464423118315e+01,1.592359215962619601e+01,1.096088903565150474e+01,1.096088903565150474e+01,1.096088903565150474e+01,7.271588516719930340e+00,4.392139084278310790e+00,4.392139084278310790e+00,4.392139084278310790e+00,4.392139084278310790e+00,1.553457006637238180e+00,1.553457006637238180e+00,1.553457006637238180e+00,1.553457006637238180e+00,1.553457006637238180e+00,1.553457006637238180e+00,1.553457006637238180e+00,1.553457006637238180e+00,1.553457006637238180e+00,1.553457006637238180e+00,1.553457006637238180e+00
8.005729131539521148e+00,8.005729131539521148e+00,8.005729131539521148e+00,8.005729131539521148e+00,6.117497040382300355e+00,6.117497040382300355e+00,6.117497040382300355e+00,6.117497040382300355e+00,3.352550469930340782e+00,3.352550469930340782e+00,3.352550469930340782e+00,3.352550469930340782e+00,3.352550469930340782e+00,3.352550469930340782e+00,3.352550469930340782e+00,2.903502703936689855e+00,1.979089185501123893e+00,1.979089185501123893e+00,1.979089185501123893e+00,1.979089185501123893e+00,1.979089185501123893e+00
1.746895377936693805e+00,1.746895377936693805e+00,1.746895377936693805e+00,1.746895377936693805e+00,1.746895377936693805e+00,1.746895377936693805e+00,1.746895377936693805e+00,1.746895377936693805e+00,1.746895377936693805e+00,1.746895377936693805e+00,4.910248614007244328e-01,4.910248614007244328e-01,4.910248614007244328e-01,4.910248614007244328e-01,4.910248614007244328e-01,4.910248614007244328e-01,4.910248614007244328e-01,4.910248614007244328e-01,4.910248614007244328e-01,4.910248614007244328e-01,4.910248614007244328e-01
4.827708080693826176e+00,4.827708080693826176e+00,4.827708080693826176e+00,1.973136854273240814e+00,1.973136854273240814e+00,1.973136854273240814e+00,1.973136854273240814e+00,1.973136854273240814e+00,1.973136854273240814e+00,1.973136854273240814e+00,9.524605059540078855e-01,9.524605059540078855e-01,9.524605059540078855e-01,9.524605059540078855e-01,9.524605059540078855e-01,9.524605059540078855e-01,9.524605059540078855e-01,9.524605059540078855e-01,9.524605059540078855e-01,9.524605059540078855e-01,9.524605059540078855e-01
3.557262108599125838e+00,3.557262108599125838e+00,3.557262108599125838e+00,3.557262108599125838e+00,3.557262108599125838e+00,1.991003497996761240e+00,1.991003497996761240e+00,1.991003497996761240e+00,1.991003497996761240e+00,1.991003497996761240e+00,1.991003497996761240e+00,1.991003497996761240e+00,1.991003497996761240e+00,1.991003497996761240e+00,1.991003497996761240e+00,1.991003497996761240e+00,1.991003497996761240e+00,1.991003497996761240e+00,1.991003497996761240e+00,1.991003497996761240e+00,1.991003497996761240e+00
4.992503075044600891e+00,4.992503075044600891e+00,4.992503075044600891e+00,4.992503075044600891e+00,4.992503075044600891e+00,4.992503075044600891e+00,4.992503075044600891e+00,4.992503075044600891e+00,2.797096065633265738e+00,2.171169169676755217e+00,2.171169169676755217e+00,1.242539133834529963e+00,1.242539133834529963e+00,1.242539133834529963e+00,1.242539133834529963e+00,1.242539133834529963e+00,1.242539133834529963e+00,1.242539133834529963e+00,1.242539133834529963e+00,1.242539133834529963e+00,1.242539133834529963e+00
4.858243836947121252e+00,4.858243836947121252e+00,4.858243836947121252e+00,4.858243836947121252e+00,4.858243836947121252e+00,4.858243836947121252e+00,1.976500487911675208e+00,1.976500487911675208e+00,1.976500487911675208e+00,1.976500487911675208e+00,1.976500487911675208e+00,1.976500487911675208e+00,1.976500487911675208e+00,1.976500487911675208e+00,1.976500487911675208e+00,8.037290058635910839e-01,8.037290058635910839e-01,8.037290058635910839e-01,8.037290058635910839e-01,8.037290058635910839e-01,8.037290058635910839e-01
1.237863797389685772e+00,1.237863797389685772e+00,1.237863797389685772e+00,1.237863797389685772e+00,8.346981816654022168e-01,8.346981816654022168e-01,8.346981816654022168e-01,8.346981816654022168e-01,8.346981816654022168e-01,8.346981816654022168e-01,8.346981816654022168e-01,8.346981816654022168e-01,8.346981816654022168e-01,8.346981816654022168e-01,8.346981816654022168e-01,8.346981816654022168e-01,8.346981816654022168e-01,8.346981816654022168e-01,8.346981816654022168e-01,8.346981816654022168e-01,8.346981816654022168e-01
