3.545196855107315415e+00,3.545196855107315415e+00,3.545196855107315415e+00,2.050581186547803192e+00,2.050581186547803192e+00,2.050581186547803192e+00,2.050581186547803192e+00,2.050581186547803192e+00,6.788429041879080472e-01,6.788429041879080472e-01,6.788429041879080472e-01,6.788429041879080472e-01,6.788429041879080472e-01,6.788429041879080472e-01,6.788429041879080472e-01,6.788429041879080472e-01,6.788429041879080472e-01,6.788429041879080472e-01,6.788429041879080472e-01,6.788429041879080472e-01,6.788429041879080472e-01
9.746850357467707227e+00,3.791496520577188001e+00,3.791496520577188001e+00,3.791496520577188001e+00,3.791496520577188001e+00,3.791496520577188001e+00,2.246564228058741008e+00,2.246564228058741008e+00,2.246564228058741008e+00,2.246564228058741008e+00,2.246564228058741008e+00,2.246564228058741008e+00,2.246564228058741008e+00,2.230129742091582656e+00,4.340140139272694597e-01,4.340140139272694597e-01,4.340140139272694597e-01,4.340140139272694597e-01,4.340140139272694597e-01,4.340140139272694597e-01,4.340140139272694597e-01
7.693125871351418787e+00,7.693125871351418787e+00,7.693125871351418787e+00,7.693125871351418787e+00,7.693125871351418787e+00,2.083398245922335690e+00,2.083398245922335690e+00,2.083398245922335690e+00,2.083398245922335690e+00,2.083398245922335690e+00,2.083398245922335690e+00,7.540603349953709511e-01,7.540603349953709511e-01,7.540603349953709511e-01,7.540603349953709511e-01,7.540603349953709511e-01,6.425588133904778232e-01,6.425588133904778232e-01,6.425588133904778232e-01,6.425588133904778232e-01,6.425588133904778232e-01
5.094302375041932507e+00,5.094302375041932507e+00,6.335139745761733110e-01,6.335139745761733110e-01,6.335139745761733110e-01,6.335139745761733110e-01,6.335139745761733110e-01,6.335139745761733110e-01,6.335139745761733110e-01,6.335139745761733110e-01,6.335139745761733110e-01,6.335139745761733110e-01,6.335139745761733110e-01,6.335139745761733110e-01,6.335139745761733110e-01,6.335139745761733110e-01,6.335139745761733110e-01,6.335139745761733110e-01,6.335139745761733110e-01,6.335139745761733110e-01,6.335139745761733110e-01
8.843966319397878806e+00,8.843966319397878806e+00,8.843966319397878806e+00,2.368315350809058195e+00,2.368315350809058195e+00,2.368315350809058195e+00,2.368315350809058195e+00,2.368315350809058195e+00,2.368315350809058195e+00,1.989475498454867264e+00,1.989475498454867264e+00,1.989475498454867264e+00,4.798909095386321155e-01,4.798909095386321155e-01,4.379114479310519670e-01,4.379114479310519670e-01,4.379114479310519670e-01,4.379114479310519670e-01,4.379114479310519670e-01,4.335283798235778363e-01,4.335283798235778363e-01
6.166339592124312929e+00,5.747420695555721437e+00,5.105763291129107095e+00,5.105763291129107095e+00,5.105763291129107095e+00,5.105763291129107095e+00,3.211301547798282030e+00,2.016109386733898390e+00,2.016109386733898390e+00,1.339031154325493134e+00,4.891156076733818026e-01,4.891156076733818026e-01,4.891156076733818026e-01,4.891156076733818026e-01,4.891156076733818026e-01,4.891156076733818026e-01,4.891156076733818026e-01,4.891156076733818026e-01,4.891156076733818026e-01,4.891156076733818026e-01,4.891156076733818026e-01
1.463105973244504909e+01,5.084853735695338273e+00,5.084853735695338273e+00,4.596517334278775735e-01,4.596517334278775735e-01,4.596517334278775735e-01,4.596517334278775735e-01,4.596517334278775735e-01,4.596517334278775735e-01,4.596517334278775735e-01,4.596517334278775735e-01,4.596517334278775735e-01,4.596517334278775735e-01,4.596517334278775735e-01,4.596517334278775735e-01,4.596517334278775735e-01,4.596517334278775735e-01,4.596517334278775735e-01,4.596517334278775735e-01,4.596517334278775735e-01,4.052510762070618000e-01
2.087576548445779778e+00,2.087576548445779778e+00,1.539985212526161718e+00,1.539985212526161718e+00,1.539985212526161718e+00,1.118468089497898887e+00,1.118468089497898887e+00,1.118468089497898887e+00,1.118468089497898887e+00,8.835106736456790344e-01,8.835106736456790344e-01,8.835106736456790344e-01,8.835106736456790344e-01,8.835106736456790344e-01,8.835106736456790344e-01,8.835106736456790344e-01,8.835106736456790344e-01,8.835106736456790344e-01,8.835106736456790344e-01,8.835106736456790344e-01,8.835106736456790344e-01
1.094298286285527055e+00,1.094298286285527055e+00,1.094298286285527055e+00,1.094298286285527055e+00,1.094298286285527055e+00,1.094298286285527055e+00,1.094298286285527055e+00,1.094298286285527055e+00,1.094298286285527055e+00,1.094298286285527055e+00,1.094298286285527055e+00,1.094298286285527055e+00,9.883668327384285135e-01,9.883668327384285135e-01,9.883668327384285135e-01,9.883668327384285135e-01,9.883668327384285135e-01,8.044715575137360020e-01,8.044715575137360020e-01,4.672391330958323152e-01,4.672391330958323152e-01
1.686375184037311570e+00,1.686375184037311570e+00,1.686375184037311570e+00,1.686375184037311570e+00,1.686375184037311570e+00,1.686375184037311570e+00,1.686375184037311570e+00,1.686375184037311570e+00,1.686375184037311570e+00,1.686375184037311570e+00,1.686375184037311570e+00,1.686375184037311570e+00,1.686375184037311570e+00,1.686375184037311570e+00,1.686375184037311570e+00,1.686375184037311570e+00,1.686375184037311570e+00,1.686375184037311570e+00,1.686375184037311570e+00,4.244884872483964955e-01,4.244884872483964955e-01
5.604303918368117365e+00,5.604303918368117365e+00,5.604303918368117365e+00,5.604303918368117365e+00,3.976595907788754047e+00,3.976595907788754047e+00,2.790279559719967217e+00,1.944115798324455469e+00,1.944115798324455469e+00,7.253117388769929619e-01,7.253117388769929619e-01,5.297974630204151936e-01,5.297974630204151936e-01,5.297974630204151936e-01,5.297974630204151936e-01,5.081646772262793377e-01,5.081646772262793377e-01,5.081646772262793377e-01,4.173039916473015865e-01,4.173039916473015865e-01,4.173039916473015865e-01
5.101854702066825453e+00,5.101854702066825453e+00,5.101854702066825453e+00,5.101854702066825453e+00,1.590938863986835372e+00,1.590938863986835372e+00,1.590938863986835372e+00,8.507618803353533821e-01,8.507618803353533821e-01,8.507618803353533821e-01,8.507618803353533821e-01,8.507618803353533821e-01,8.507618803353533821e-01,8.507618803353533821e-01,8.507618803353533821e-01,8.507618803353533821e-01,8.507618803353533821e-01,8.507618803353533821e-01,6.221033541280753809e-01,6.221033541280753809e-01,6.221033541280753809e-01
2.061964464423118315e+01,1.901389309462402011e+01,1.096088903565150474e+01,1.096088903565150474e+01,1.096088903565150474e+01,2.232570609208215373e+00,2.232570609208215373e+00,2.187639567224011650e+00,2.187639567224011650e+00,2.187639567224011650e+00,2.187639567224011650e+00,4.722717243608869353e-01,4.722717243608869353e-01,4.722717243608869353e-01,4.722717243608869353e-01,4.722717243608869353e-01,4.722717243608869353e-01,4.722717243608869353e-01,4.722717243608869353e-01,4.722717243608869353e-01,4.722717243608869353e-01
8.005729131539522925e+00,8.005729131539522925e+00,8.005729131539522925e+00,8.005729131539522925e+00,8.005729131539522925e+00,2.186437719689086734e+00,2.186437719689086734e+00,2.186437719689086734e+00,2.186437719689086734e+00,2.186437719689086734e+00,2.186437719689086734e+00,2.186437719689086734e+00,2.186437719689086734e+00,2.186437719689086734e+00,2.186437719689086734e+00,2.186437719689086734e+00,9.445324148266909248e-01,9.445324148266909248e-01,7.038710432800421302e-01,7.038710432800421302e-01,5.537223553589054603e-01
1.746895377936693805e+00,1.746895377936693805e+00,1.746895377936693805e+00,1.746895377936693805e+00,1.746895377936693805e+00,1.746895377936693805e+00,1.746895377936693805e+00,1.746895377936693805e+00,1.746895377936693805e+00,1.746895377936693805e+00,1.746895377936693805e+00,1.746895377936693805e+00,1.746895377936693805e+00,1.148998191021849635e+00,1.148998191021849635e+00,1.148998191021849635e+00,9.636113672485020487e-01,9.511148482216817968e-01,9.511148482216817968e-01,9.511148482216817968e-01,9.511148482216817968e-01
4.827708080693826176e+00,4.827708080693826176e+00,4.827708080693826176e+00,4.827708080693826176e+00,2.117756491950614439e+00,6.606846771080103764e-01,6.606846771080103764e-01,6.606846771080103764e-01,6.606846771080103764e-01,6.606846771080103764e-01,5.774473003493412193e-01,5.774473003493412193e-01,5.774473003493412193e-01,4.711636599878588072e-01,4.711636599878588072e-01,4.711636599878588072e-01,4.711636599878588072e-01,4.711636599878588072e-01,4.711636599878588072e-01,4.711636599878588072e-01,4.711636599878588072e-01
3.557262108599126726e+00,3.557262108599126726e+00,1.966871459073869843e+00,1.966871459073869843e+00,1.966871459073869843e+00,1.966871459073869843e+00,1.966871459073869843e+00,1.966871459073869843e+00,1.966871459073869843e+00,1.966871459073869843e+00,1.957715276154395667e+00,1.957715276154395667e+00,1.957715276154395667e+00,1.957715276154395667e+00,1.957715276154395667e+00,1.957715276154395667e+00,1.957715276154395667e+00,1.957715276154395667e+00,1.957715276154395667e+00,1.957715276154395667e+00,1.957715276154395667e+00
4.992503075044600891e+00,4.992503075044600891e+00,4.992503075044600891e+00,4.992503075044600891e+00,4.992503075044600891e+00,4.992503075044600891e+00,3.867079555854743056e+00,5.847943797921200115e-01,5.847943797921200115e-01,5.847943797921200115e-01,5.847943797921200115e-01,5.847943797921200115e-01,5.847943797921200115e-01,5.847943797921200115e-01,5.847943797921200115e-01,5.847943797921200115e-01,5.847943797921200115e-01,5.847943797921200115e-01,5.847943797921200115e-01,5.847943797921200115e-01,5.847943797921200115e-01
4.858243836947121252e+00,4.858243836947121252e+00,4.858243836947121252e+00,4.858243836947121252e+00,4.858243836947121252e+00,4.858243836947121252e+00,4.858243836947121252e+00,2.131836381073460629e+00,2.131836381073460629e+00,2.131836381073460629e+00,2.131836381073460629e+00,8.117260696241554996e-01,8.117260696241554996e-01,8.117260696241554996e-01,8.117260696241554996e-01,8.117260696241554996e-01,8.117260696241554996e-01,8.117260696241554996e-01,8.117260696241554996e-01,4.072682431446601470e-01,4.072682431446601470e-01
1.237863797389685772e+00,1.237863797389685772e+00,1.237863797389685772e+00,1.237863797389685772e+00,1.237863797389685772e+00,1.237863797389685772e+00,1.237863797389685772e+00,1.237863797389685772e+00,1.237863797389685772e+00,1.237863797389685772e+00,1.237863797389685772e+00,1.237863797389685772e+00,1.237863797389685772e+00,1.237863797389685772e+00,1.237863797389685772e+00,1.237863797389685772e+00,1.237863797389685772e+00,1.237863797389685772e+00,1.237863797389685772e+00,1.237863797389685772e+00,1.237863797389685772e+00
