3.545196855107315415e+00,3.545196855107315415e+00,3.545196855107315415e+00,2.174190413822204349e+00,2.174190413822204349e+00,2.174190413822204349e+00,8.989885715476688688e-01,8.989885715476688688e-01,8.989885715476688688e-01,8.989885715476688688e-01,8.989885715476688688e-01,8.989885715476688688e-01,8.989885715476688688e-01,8.989885715476688688e-01,8.989885715476688688e-01,8.989885715476688688e-01,8.989885715476688688e-01,8.989885715476688688e-01,8.989885715476688688e-01,8.989885715476688688e-01,8.989885715476688688e-01
9.746850357467707227e+00,9.746850357467707227e+00,9.746850357467707227e+00,9.746850357467707227e+00,9.746850357467707227e+00,9.746850357467707227e+00,1.978461639830175756e+00,1.978461639830175756e+00,1.978461639830175756e+00,1.978461639830175756e+00,1.978461639830175756e+00,1.978461639830175756e+00,1.978461639830175756e+00,1.978461639830175756e+00,1.978461639830175756e+00,1.978461639830175756e+00,1.978461639830175756e+00,7.407360741568496110e-01,7.407360741568496110e-01,7.407360741568496110e-01,7.407360741568496110e-01
7.693125871351419676e+00,7.693125871351419676e+00,3.488753045194135538e+00,3.488753045194135538e+00,3.488753045194135538e+00,2.097249910903281389e+00,2.097249910903281389e+00,2.097249910903281389e+00,2.097249910903281389e+00,2.097249910903281389e+00,2.097249910903281389e+00,2.097249910903281389e+00,6.573695315959007246e-01,6.573695315959007246e-01,6.573695315959007246e-01,6.573695315959007246e-01,6.573695315959007246e-01,6.573695315959007246e-01,6.573695315959007246e-01,6.573695315959007246e-01,6.573695315959007246e-01
5.094302375041932507e+00,5.094302375041932507e+00,5.094302375041932507e+00,3.736214663880147668e+00,3.736214663880147668e+00,3.736214663880147668e+00,3.736214663880147668e+00,3.736214663880147668e+00,3.280063796338735571e+00,3.280063796338735571e+00,3.145825904700078723e+00,3.145825904700078723e+00,3.145825904700078723e+00,3.145825904700078723e+00,1.943806677138610439e+00,1.943806677138610439e+00,1.943806677138610439e+00,1.753311706528695169e+00,9.103925439386753027e-01,7.775963177783413727e-01,7.775963177783413727e-01
8.843966319397878806e+00,8.843966319397878806e+00,8.843966319397878806e+00,2.315709406333649412e+00,2.315709406333649412e+00,2.315709406333649412e+00,2.315709406333649412e+00,2.315709406333649412e+00,7.535087933156177087e-01,7.535087933156177087e-01,7.535087933156177087e-01,7.535087933156177087e-01,7.535087933156177087e-01,7.535087933156177087e-01,7.535087933156177087e-01,4.107490053987721268e-01,4.107490053987721268e-01,4.085266164829111091e-01,4.085266164829111091e-01,4.085266164829111091e-01,4.085266164829111091e-01
6.166339592124312929e+00,3.722060653510242290e+00,3.722060653510242290e+00,3.722060653510242290e+00,3.722060653510242290e+00,3.722060653510242290e+00,2.835946711049817992e+00,2.041551758382240678e+00,2.041551758382240678e+00,1.351014241232691759e+00,4.865947500994014518e-01,4.744488100540937836e-01,4.744488100540937836e-01,4.744488100540937836e-01,4.744488100540937836e-01,4.744488100540937836e-01,4.744488100540937836e-01,4.744488100540937836e-01,4.744488100540937836e-01,4.744488100540937836e-01,4.744488100540937836e-01
1.463105973244504909e+01,5.415481271248179240e+00,5.415481271248179240e+00,5.375580931235326432e-01,5.375580931235326432e-01,5.375580931235326432e-01,5.375580931235326432e-01,5.375580931235326432e-01,5.375580931235326432e-01,5.375580931235326432e-01,5.375580931235326432e-01,5.375580931235326432e-01,5.202567629227470292e-01,5.202567629227470292e-01,5.202567629227470292e-01,5.202567629227470292e-01,5.202567629227470292e-01,5.202567629227470292e-01,5.202567629227470292e-01,5.202567629227470292e-01,5.202567629227470292e-01
2.087576548445779778e+00,2.087576548445779778e+00,1.879824717823407099e+00,1.879824717823407099e+00,1.879824717823407099e+00,1.018902547407739334e+00,1.018902547407739334e+00,1.018902547407739334e+00,1.018902547407739334e+00,1.018902547407739334e+00,1.018902547407739334e+00,1.018902547407739334e+00,1.018902547407739334e+00,1.018902547407739334e+00,1.018902547407739334e+00,1.018902547407739334e+00,1.018902547407739334e+00,1.018902547407739334e+00,9.603250118970496629e-01,9.603250118970496629e-01,9.603250118970496629e-01
1.094298286285527055e+00,1.094298286285527055e+00,1.094298286285527055e+00,1.094298286285527055e+00,1.094298286285527055e+00,1.094298286285527055e+00,1.094298286285527055e+00,1.094298286285527055e+00,1.094298286285527055e+00,1.094298286285527055e+00,4.168158508531973894e-01,4.168158508531973894e-01,4.168158508531973894e-01,4.168158508531973894e-01,4.168158508531973894e-01,4.168158508531973894e-01,4.168158508531973894e-01,4.168158508531973894e-01,4.168158508531973894e-01,4.168158508531973894e-01,4.028844994812494917e-01
1.686375184037311570e+00,1.686375184037311570e+00,1.686375184037311570e+00,1.686375184037311570e+00,1.686375184037311570e+00,1.686375184037311570e+00,1.686375184037311570e+00,1.686375184037311570e+00,1.686375184037311570e+00,1.686375184037311570e+00,6.864208134064302413e-01,6.864208134064302413e-01,6.864208134064302413e-01,6.864208134064302413e-01,6.864208134064302413e-01,6.864208134064302413e-01,6.864208134064302413e-01,6.864208134064302413e-01,6.864208134064302413e-01,6.226433394907573415e-01,6.226433394907573415e-01
5.604303918368117365e+00,5.604303918368117365e+00,5.604303918368117365e+00,5.604303918368117365e+00,5.604303918368117365e+00,2.675877187557853532e+00,2.675877187557853532e+00,2.675877187557853532e+00,2.675877187557853532e+00,2.675877187557853532e+00,2.675877187557853532e+00,6.063607038165539365e-01,6.063607038165539365e-01,6.063607038165539365e-01,6.063607038165539365e-01,6.063607038165539365e-01,6.063607038165539365e-01,6.063607038165539365e-01,6.063607038165539365e-01,6.063607038165539365e-01,6.063607038165539365e-01
5.101854702066825453e+00,5.101854702066825453e+00,5.101854702066825453e+00,5.101854702066825453e+00,5.101854702066825453e+00,5.101854702066825453e+00,5.101854702066825453e+00,6.332930262893938789e-01,6.332930262893938789e-01,6.332930262893938789e-01,6.332930262893938789e-01,6.332930262893938789e-01,6.332930262893938789e-01,6.332930262893938789e-01,6.332930262893938789e-01,6.332930262893938789e-01,6.332930262893938789e-01,6.332930262893938789e-01,6.332930262893938789e-01,6.332930262893938789e-01,6.332930262893938789e-01
2.061964464423118315e+01,1.942130563309706304e+01,1.096088903565150474e+01,1.096088903565150474e+01,1.096088903565150474e+01,2.052667488148763653e+00,2.052667488148763653e+00,2.052667488148763653e+00,2.052667488148763653e+00,2.052667488148763653e+00,2.052667488148763653e+00,6.107017721915504183e-01,5.212297314178098162e-01,5.212297314178098162e-01,5.177896095123344367e-01,5.177896095123344367e-01,5.177896095123344367e-01,5.177896095123344367e-01,5.177896095123344367e-01,5.177896095123344367e-01,5.177896095123344367e-01
8.005729131539521148e+00,8.005729131539521148e+00,8.005729131539521148e+00,5.288569518358059440e+00,5.288569518358059440e+00,5.288569518358059440e+00,5.288569518358059440e+00,5.288569518358059440e+00,5.160765535334732590e-01,5.160765535334732590e-01,4.093049148666665360e-01,4.093049148666665360e-01,4.093049148666665360e-01,4.093049148666665360e-01,4.093049148666665360e-01,4.093049148666665360e-01,4.093049148666665360e-01,4.093049148666665360e-01,4.093049148666665360e-01,4.093049148666665360e-01,4.093049148666665360e-01
1.746895377936693805e+00,1.746895377936693805e+00,1.746895377936693805e+00,1.746895377936693805e+00,1.746895377936693805e+00,1.746895377936693805e+00,1.746895377936693805e+00,1.746895377936693805e+00,1.746895377936693805e+00,1.746895377936693805e+00,1.746895377936693805e+00,1.746895377936693805e+00,1.746895377936693805e+00,1.351377189573664594e+00,1.351377189573664594e+00,1.351377189573664594e+00,1.351377189573664594e+00,1.351377189573664594e+00,1.351377189573664594e+00,1.351377189573664594e+00,1.351377189573664594e+00
4.827708080693826176e+00,4.827708080693826176e+00,4.827708080693826176e+00,2.158498525534399803e+00,2.158498525534399803e+00,2.158498525534399803e+00,2.158498525534399803e+00,1.730891735244256324e+00,1.730891735244256324e+00,1.730891735244256324e+00,1.730891735244256324e+00,1.730891735244256324e+00,1.730891735244256324e+00,1.730891735244256324e+00,1.730891735244256324e+00,1.730891735244256324e+00,1.128757106067361349e+00,1.128757106067361349e+00,1.128757106067361349e+00,1.128757106067361349e+00,6.187070745634528635e-01
3.557262108599125838e+00,3.557262108599125838e+00,3.557262108599125838e+00,3.557262108599125838e+00,3.557262108599125838e+00,3.557262108599125838e+00,1.980491821199397151e+00,1.980491821199397151e+00,1.980491821199397151e+00,9.993553141465252310e-01,9.993553141465252310e-01,9.439210432957789720e-01,9.439210432957789720e-01,9.439210432957789720e-01,9.439210432957789720e-01,9.439210432957789720e-01,9.439210432957789720e-01,9.439210432957789720e-01,9.439210432957789720e-01,9.439210432957789720e-01,9.439210432957789720e-01
4.992503075044600891e+00,4.992503075044600891e+00,4.992503075044600891e+00,4.992503075044600891e+00,4.992503075044600891e+00,4.992503075044600891e+00,4.992503075044600891e+00,4.992503075044600891e+00,2.210434258484136549e+00,2.210434258484136549e+00,6.969178118578476244e-01,6.969178118578476244e-01,6.969178118578476244e-01,6.969178118578476244e-01,6.969178118578476244e-01,6.969178118578476244e-01,6.969178118578476244e-01,6.969178118578476244e-01,6.969178118578476244e-01,6.969178118578476244e-01,4.992274093481210429e-01
4.858243836947121252e+00,4.858243836947121252e+00,4.858243836947121252e+00,4.858243836947121252e+00,4.858243836947121252e+00,4.858243836947121252e+00,4.858243836947121252e+00,7.416948068854765097e-01,7.416948068854765097e-01,7.416948068854765097e-01,7.416948068854765097e-01,7.416948068854765097e-01,7.416948068854765097e-01,7.416948068854765097e-01,4.280964631740484805e-01,4.280964631740484805e-01,4.063784976625939294e-01,4.063784976625939294e-01,4.063784976625939294e-01,4.063784976625939294e-01,4.063784976625939294e-01
1.237863797389685772e+00,1.237863797389685772e+00,1.237863797389685772e+00,1.237863797389685772e+00,8.273049435832859899e-01,8.273049435832859899e-01,8.273049435832859899e-01,8.273049435832859899e-01,8.273049435832859899e-01,8.273049435832859899e-01,8.273049435832859899e-01,8.273049435832859899e-01,8.273049435832859899e-01,8.273049435832859899e-01,8.273049435832859899e-01,8.273049435832859899e-01,8.273049435832859899e-01,8.273049435832859899e-01,8.268001122600754371e-01,8.268001122600754371e-01,8.268001122600754371e-01
