3.545196855107315415e+00,3.545196855107315415e+00,3.545196855107315415e+00,3.545196855107315415e+00,8.574460075220020627e-01,8.574460075220020627e-01,8.574460075220020627e-01,7.032206685406556801e-01,7.032206685406556801e-01,7.032206685406556801e-01,7.032206685406556801e-01,7.032206685406556801e-01,7.032206685406556801e-01,7.032206685406556801e-01,7.032206685406556801e-01,7.032206685406556801e-01,6.984183744718936993e-01,6.984183744718936993e-01,6.984183744718936993e-01,6.984183744718936993e-01,5.089157980704364093e-01
9.746850357467707227e+00,5.311884501070776032e+00,1.881616079628319227e+00,1.881616079628319227e+00,1.881616079628319227e+00,1.881616079628319227e+00,1.162417232331817374e+00,4.930778370656412335e-01,4.930778370656412335e-01,4.930778370656412335e-01,4.930778370656412335e-01,4.930778370656412335e-01,4.930778370656412335e-01,4.930778370656412335e-01,4.930778370656412335e-01,4.335239153281484903e-01,4.335239153281484903e-01,4.335239153281484903e-01,4.335239153281484903e-01,4.335239153281484903e-01,4.335239153281484903e-01
7.693125871351418787e+00,7.693125871351418787e+00,3.114157933000955225e+00,3.114157933000955225e+00,3.114157933000955225e+00,3.114157933000955225e+00,3.114157933000955225e+00,3.114157933000955225e+00,2.458145373849455417e+00,1.598818595585800750e+00,1.598818595585800750e+00,1.598818595585800750e+00,6.180006895266423328e-01,6.180006895266423328e-01,6.180006895266423328e-01,6.180006895266423328e-01,6.180006895266423328e-01,6.180006895266423328e-01,6.180006895266423328e-01,6.180006895266423328e-01,6.180006895266423328e-01
5.094302375041932507e+00,5.094302375041932507e+00,5.094302375041932507e+00,2.901586633520405911e+00,2.901586633520405911e+00,2.901586633520405911e+00,2.901586633520405911e+00,1.967080368429792614e+00,1.967080368429792614e+00,1.967080368429792614e+00,1.967080368429792614e+00,1.967080368429792614e+00,7.921733805718389476e-01,7.921733805718389476e-01,7.921733805718389476e-01,4.535922212012977184e-01,4.535922212012977184e-01,4.535922212012977184e-01,4.535922212012977184e-01,4.535922212012977184e-01,4.535922212012977184e-01
8.843966319397878806e+00,8.185946754765994982e+00,8.185946754765994982e+00,8.185946754765994982e+00,7.010128093607506550e+00,4.656428196591182456e-01,4.656428196591182456e-01,4.656428196591182456e-01,4.656428196591182456e-01,4.656428196591182456e-01,4.656428196591182456e-01,4.656428196591182456e-01,4.656428196591182456e-01,4.656428196591182456e-01,4.656428196591182456e-01,4.656428196591182456e-01,4.656428196591182456e-01,4.656428196591182456e-01,4.656428196591182456e-01,4.656428196591182456e-01,4.656428196591182456e-01
6.166339592124312929e+00,4.357790950712635336e+00,4.357790950712635336e+00,2.771898606329193271e+00,1.494055920244143465e+00,1.494055920244143465e+00,1.494055920244143465e+00,1.494055920244143465e+00,1.494055920244143465e+00,1.494055920244143465e+00,1.494055920244143465e+00,1.494055920244143465e+00,1.494055920244143465e+00,1.494055920244143465e+00,1.494055920244143465e+00,9.743704113541600265e-01,9.743704113541600265e-01,9.743704113541600265e-01,4.177341147939088728e-01,4.177341147939088728e-01,4.177341147939088728e-01
1.463105973244504909e+01,1.172718475387545212e+01,5.053583081864628568e+00,5.053583081864628568e+00,5.053583081864628568e+00,5.053583081864628568e+00,5.053583081864628568e+00,5.053583081864628568e+00,2.901628135239732842e+00,1.519372477900640561e+00,6.774349194668616292e-01,6.774349194668616292e-01,6.774349194668616292e-01,6.774349194668616292e-01,6.774349194668616292e-01,6.774349194668616292e-01,6.774349194668616292e-01,6.774349194668616292e-01,6.774349194668616292e-01,6.774349194668616292e-01,4.055707262253172019e-01
2.087576548445779778e+00,2.087576548445779778e+00,1.479793171450422662e+00,1.479793171450422662e+00,1.479793171450422662e+00,1.479793171450422662e+00,1.479793171450422662e+00,1.479793171450422662e+00,1.167715459239429876e+00,1.167715459239429876e+00,1.167715459239429876e+00,1.167715459239429876e+00,1.167715459239429876e+00,1.167715459239429876e+00,1.167715459239429876e+00,1.167715459239429876e+00,1.167715459239429876e+00,1.167715459239429876e+00,9.251530486407535392e-01,9.251530486407535392e-01,5.606867040284058135e-01
1.094298286285527055e+00,1.094298286285527055e+00,1.094298286285527055e+00,1.094298286285527055e+00,1.094298286285527055e+00,1.094298286285527055e+00,4.640175774196109160e-01,4.640175774196109160e-01,4.640175774196109160e-01,4.640175774196109160e-01,4.640175774196109160e-01,4.640175774196109160e-01,4.640175774196109160e-01,4.640175774196109160e-01,4.640175774196109160e-01,4.640175774196109160e-01,4.640175774196109160e-01,4.640175774196109160e-01,4.640175774196109160e-01,4.640175774196109160e-01,4.640175774196109160e-01
1.686375184037311570e+00,1.686375184037311570e+00,1.686375184037311570e+00,1.686375184037311570e+00,9.953335652977983727e-01,5.167173119624273170e-01,5.167173119624273170e-01,5.167173119624273170e-01,5.167173119624273170e-01,5.167173119624273170e-01,5.167173119624273170e-01,5.167173119624273170e-01,5.167173119624273170e-01,5.167173119624273170e-01,5.167173119624273170e-01,5.167173119624273170e-01,5.167173119624273170e-01,5.167173119624273170e-01,4.239867477448893140e-01,4.239867477448893140e-01,4.239867477448893140e-01
5.604303918368117365e+00,5.604303918368117365e+00,1.931252614235640763e+00,1.931252614235640763e+00,1.931252614235640763e+00,1.931252614235640763e+00,1.931252614235640763e+00,1.030125014539930106e+00,1.030125014539930106e+00,1.030125014539930106e+00,1.030125014539930106e+00,1.030125014539930106e+00,1.030125014539930106e+00,4.104070902507022112e-01,4.104070902507022112e-01,4.104070902507022112e-01,4.104070902507022112e-01,4.104070902507022112e-01,4.104070902507022112e-01,4.104070902507022112e-01,4.104070902507022112e-01
5.101854702066825453e+00,3.289784413896105875e+00,3.289784413896105875e+00,3.289784413896105875e+00,3.289784413896105875e+00,3.289784413896105875e+00,1.018545471515150069e+00,1.018545471515150069e+00,1.018545471515150069e+00,1.018545471515150069e+00,1.018545471515150069e+00,1.018545471515150069e+00,8.631533034503267032e-01,6.255893484146888284e-01,6.255893484146888284e-01,6.255893484146888284e-01,6.255893484146888284e-01,6.255893484146888284e-01,6.255893484146888284e-01,6.255893484146888284e-01,6.255893484146888284e-01
2.061964464423118315e+01,1.323158712867467557e+01,1.096088903565150474e+01,1.096088903565150474e+01,1.096088903565150474e+01,7.836851971400204064e+00,2.373877471337569212e+00,2.373877471337569212e+00,2.023901771862010257e+00,1.943301052699920817e+00,1.943301052699920817e+00,6.030648323967202629e-01,6.030648323967202629e-01,6.030648323967202629e-01,6.030648323967202629e-01,6.030648323967202629e-01,6.030648323967202629e-01,6.030648323967202629e-01,6.030648323967202629e-01,6.030648323967202629e-01,6.030648323967202629e-01
8.005729131539522925e+00,8.005729131539522925e+00,6.828313746072645074e+00,5.931819327454266322e+00,4.614636699460875846e+00,9.494205363542960185e-01,9.494205363542960185e-01,9.494205363542960185e-01,9.494205363542960185e-01,9.494205363542960185e-01,9.494205363542960185e-01,4.440944646240492233e-01,4.440944646240492233e-01,4.440944646240492233e-01,4.440944646240492233e-01,4.440944646240492233e-01,4.440944646240492233e-01,4.440944646240492233e-01,4.440944646240492233e-01,4.440944646240492233e-01,4.440944646240492233e-01
1.746895377936693805e+00,1.746895377936693805e+00,1.746895377936693805e+00,1.746895377936693805e+00,1.746895377936693805e+00,1.746895377936693805e+00,1.746895377936693805e+00,5.507516971919077520e-01,5.507516971919077520e-01,5.507516971919077520e-01,5.507516971919077520e-01,5.507516971919077520e-01,5.507516971919077520e-01,5.507516971919077520e-01,5.507516971919077520e-01,5.507516971919077520e-01,5.275624654659658574e-01,5.275624654659658574e-01,5.275624654659658574e-01,5.275624654659658574e-01,5.275624654659658574e-01
4.827708080693826176e+00,4.827708080693826176e+00,4.827708080693826176e+00,1.966490210393537552e+00,1.966490210393537552e+00,1.966490210393537552e+00,1.966490210393537552e+00,5.170711477112135412e-01,5.170711477112135412e-01,5.170711477112135412e-01,5.170711477112135412e-01,5.170711477112135412e-01,5.170711477112135412e-01,5.170711477112135412e-01,5.170711477112135412e-01,5.170711477112135412e-01,5.170711477112135412e-01,5.170711477112135412e-01,5.170711477112135412e-01,5.170711477112135412e-01,5.068810420439664455e-01
3.557262108599126726e+00,3.557262108599126726e+00,2.565554327617835639e+00,1.220673096373740663e+00,1.220673096373740663e+00,1.220673096373740663e+00,8.603919990622053149e-01,8.603919990622053149e-01,8.603919990622053149e-01,8.603919990622053149e-01,8.603919990622053149e-01,8.603919990622053149e-01,8.603919990622053149e-01,8.603919990622053149e-01,8.603919990622053149e-01,8.603919990622053149e-01,8.603919990622053149e-01,8.603919990622053149e-01,6.402965831379141548e-01,5.145115335337155926e-01,5.145115335337155926e-01
4.992503075044600891e+00,4.992503075044600891e+00,4.992503075044600891e+00,4.992503075044600891e+00,4.992503075044600891e+00,4.064416065804566713e+00,2.341020357203930757e+00,1.816125191590421295e+00,1.816125191590421295e+00,1.816125191590421295e+00,1.816125191590421295e+00,1.816125191590421295e+00,1.816125191590421295e+00,1.816125191590421295e+00,1.816125191590421295e+00,7.454707625039240781e-01,7.454707625039240781e-01,7.454707625039240781e-01,5.280501466337366168e-01,5.280501466337366168e-01,5.280501466337366168e-01
4.858243836947121252e+00,4.858243836947121252e+00,3.234172057810202006e+00,3.234172057810202006e+00,1.621499600832038368e+00,1.621499600832038368e+00,1.621499600832038368e+00,1.621499600832038368e+00,7.166631159188252553e-01,4.854976522402054684e-01,4.854976522402054684e-01,4.854976522402054684e-01,4.854976522402054684e-01,4.854976522402054684e-01,4.854976522402054684e-01,4.854976522402054684e-01,4.854976522402054684e-01,4.854976522402054684e-01,4.854976522402054684e-01,4.854976522402054684e-01,4.854976522402054684e-01
1.237863797389685772e+00,1.237863797389685772e+00,1.237863797389685772e+00,1.237863797389685772e+00,1.237863797389685772e+00,1.237863797389685772e+00,1.237863797389685772e+00,1.237863797389685772e+00,1.237863797389685772e+00,1.237863797389685772e+00,1.237863797389685772e+00,1.237863797389685772e+00,1.237863797389685772e+00,1.237863797389685772e+00,1.237863797389685772e+00,1.237863797389685772e+00,1.237863797389685772e+00,1.237863797389685772e+00,1.237863797389685772e+00,1.237863797389685772e+00,4.928079662875912703e-01
