3.545196855107317191e+00,3.545196855107317191e+00,3.545196855107317191e+00,2.185617537503141250e+00,2.185617537503141250e+00,2.185617537503141250e+00,2.185617537503141250e+00,2.185617537503141250e+00,2.185617537503141250e+00,2.185617537503141250e+00,2.185617537503141250e+00,2.185617537503141250e+00,2.185617537503141250e+00,2.185617537503141250e+00,2.185617537503141250e+00,2.185617537503141250e+00,1.715397643729172472e+00,1.715397643729172472e+00,1.715397643729172472e+00,1.715397643729172472e+00,1.715397643729172472e+00
9.746850357467707227e+00,3.555207607808302583e+00,3.555207607808302583e+00,3.555207607808302583e+00,3.555207607808302583e+00,3.555207607808302583e+00,3.555207607808302583e+00,3.555207607808302583e+00,3.555207607808302583e+00,2.397831907884391711e+00,2.397831907884391711e+00,2.397831907884391711e+00,2.397831907884391711e+00,2.397831907884391711e+00,2.397831907884391711e+00,2.397831907884391711e+00,2.397831907884391711e+00,2.397831907884391711e+00,2.397831907884391711e+00,2.397831907884391711e+00,2.397831907884391711e+00
7.693125871351419676e+00,7.693125871351419676e+00,7.693125871351419676e+00,7.693125871351419676e+00,7.693125871351419676e+00,3.882258478272174074e+00,3.882258478272174074e+00,3.882258478272174074e+00,3.882258478272174074e+00,2.078844532087650521e+00,2.078844532087650521e+00,2.078844532087650521e+00,2.078844532087650521e+00,2.078844532087650521e+00,2.078844532087650521e+00,2.078844532087650521e+00,2.078844532087650521e+00,2.078844532087650521e+00,2.078844532087650521e+00,2.078844532087650521e+00,2.078844532087650521e+00
5.094302375041930731e+00,5.094302375041930731e+00,1.548845013637617285e+00,1.548845013637617285e+00,1.548845013637617285e+00,1.548845013637617285e+00,1.548845013637617285e+00,1.548845013637617285e+00,1.548845013637617285e+00,1.548845013637617285e+00,1.548845013637617285e+00,1.548845013637617285e+00,1.548845013637617285e+00,1.548845013637617285e+00,1.548845013637617285e+00,1.548845013637617285e+00,1.548845013637617285e+00,1.548845013637617285e+00,1.548845013637617285e+00,1.548845013637617285e+00,1.548845013637617285e+00
8.843966319397878806e+00,8.843966319397878806e+00,8.843966319397878806e+00,8.843966319397878806e+00,8.843966319397878806e+00,8.843966319397878806e+00,5.327832876065905054e+00,1.966997216736793064e+00,1.966997216736793064e+00,1.966997216736793064e+00,1.966997216736793064e+00,1.966997216736793064e+00,1.966997216736793064e+00,1.966997216736793064e+00,1.966997216736793064e+00,1.966997216736793064e+00,1.966997216736793064e+00,1.966997216736793064e+00,1.966997216736793064e+00,1.966997216736793064e+00,1.966997216736793064e+00
6.166339592124312929e+00,6.166339592124312929e+00,6.166339592124312929e+00,6.166339592124312929e+00,6.166339592124312929e+00,6.166339592124312929e+00,6.166339592124312929e+00,4.095140450912428065e+00,4.095140450912428065e+00,4.095140450912428065e+00,4.095140450912428065e+00,4.095140450912428065e+00,4.095140450912428065e+00,4.095140450912428065e+00,4.095140450912428065e+00,1.101509557022858132e+00,1.101509557022858132e+00,1.101509557022858132e+00,1.101509557022858132e+00,1.101509557022858132e+00,1.101509557022858132e+00
1.463105973244504909e+01,5.879780203773773195e+00,5.879780203773773195e+00,5.879780203773773195e+00,5.879780203773773195e+00,5.879780203773773195e+00,5.657143989198615941e+00,5.657143989198615941e+00,5.657143989198615941e+00,5.657143989198615941e+00,5.657143989198615941e+00,5.657143989198615941e+00,4.521248362028224221e+00,9.107591882166587993e-01,9.107591882166587993e-01,9.107591882166587993e-01,9.107591882166587993e-01,9.107591882166587993e-01,8.545696436409819796e-01,8.545696436409819796e-01,8.545696436409819796e-01
2.087576548445778002e+00,2.087576548445778002e+00,1.353057288582707685e+00,1.353057288582707685e+00,1.353057288582707685e+00,9.078223726654179870e-01,9.078223726654179870e-01,9.078223726654179870e-01,9.078223726654179870e-01,5.008375777128115658e-01,5.008375777128115658e-01,5.008375777128115658e-01,5.008375777128115658e-01,5.008375777128115658e-01,5.008375777128115658e-01,5.008375777128115658e-01,5.008375777128115658e-01,5.008375777128115658e-01,5.008375777128115658e-01,5.008375777128115658e-01,5.008375777128115658e-01
1.094298286285525279e+00,1.094298286285525279e+00,1.094298286285525279e+00,1.094298286285525279e+00,1.094298286285525279e+00,1.094298286285525279e+00,1.094298286285525279e+00,1.094298286285525279e+00,1.094298286285525279e+00,1.094298286285525279e+00,1.094298286285525279e+00,1.094298286285525279e+00,1.094298286285525279e+00,1.094298286285525279e+00,1.094298286285525279e+00,1.094298286285525279e+00,1.094298286285525279e+00,1.094298286285525279e+00,1.094298286285525279e+00,1.094298286285525279e+00,1.094298286285525279e+00
1.686375184037313346e+00,1.686375184037313346e+00,1.686375184037313346e+00,1.686375184037313346e+00,1.686375184037313346e+00,1.686375184037313346e+00,1.686375184037313346e+00,1.686375184037313346e+00,1.686375184037313346e+00,1.686375184037313346e+00,1.686375184037313346e+00,1.686375184037313346e+00,1.686375184037313346e+00,1.686375184037313346e+00,1.686375184037313346e+00,1.686375184037313346e+00,1.686375184037313346e+00,1.550028450974359373e+00,1.550028450974359373e+00,1.550028450974359373e+00,1.550028450974359373e+00
5.604303918368117365e+00,5.604303918368117365e+00,5.604303918368117365e+00,5.604303918368117365e+00,4.622802098548543626e+00,4.622802098548543626e+00,4.622802098548543626e+00,4.622802098548543626e+00,4.622802098548543626e+00,4.622802098548543626e+00,4.622802098548543626e+00,4.622802098548543626e+00,4.622802098548543626e+00,4.622802098548543626e+00,4.622802098548543626e+00,4.622802098548543626e+00,4.622802098548543626e+00,1.208882349029419601e+00,1.208882349029419601e+00,1.208882349029419601e+00,1.208882349029419601e+00
5.101854702066827230e+00,4.172225757383845490e+00,4.172225757383845490e+00,4.172225757383845490e+00,4.172225757383845490e+00,4.172225757383845490e+00,4.172225757383845490e+00,4.172225757383845490e+00,1.845273254624981263e+00,1.845273254624981263e+00,1.045307197728629234e+00,1.045307197728629234e+00,1.045307197728629234e+00,1.045307197728629234e+00,1.045307197728629234e+00,1.045307197728629234e+00,1.045307197728629234e+00,1.045307197728629234e+00,1.045307197728629234e+00,1.045307197728629234e+00,1.045307197728629234e+00
2.061964464423118315e+01,1.441621104633579264e+01,1.096088903565150474e+01,1.096088903565150474e+01,1.096088903565150474e+01,2.812544126241007802e+00,2.812544126241007802e+00,2.812544126241007802e+00,2.812544126241007802e+00,2.812544126241007802e+00,2.812544126241007802e+00,1.802958998759510933e+00,1.802958998759510933e+00,1.802958998759510933e+00,1.802958998759510933e+00,1.802958998759510933e+00,1.802958998759510933e+00,1.802958998759510933e+00,1.802958998759510933e+00,1.802958998759510933e+00,1.802958998759510933e+00
8.005729131539521148e+00,8.005729131539521148e+00,8.005729131539521148e+00,8.005729131539521148e+00,8.005729131539521148e+00,8.005729131539521148e+00,8.005729131539521148e+00,8.005729131539521148e+00,8.005729131539521148e+00,2.140792684059309892e+00,2.140792684059309892e+00,2.140792684059309892e+00,2.140792684059309892e+00,2.140792684059309892e+00,2.140792684059309892e+00,2.140792684059309892e+00,2.140792684059309892e+00,1.644535031689560611e+00,1.644535031689560611e+00,1.644535031689560611e+00,1.644535031689560611e+00
1.746895377936692029e+00,1.746895377936692029e+00,1.746895377936692029e+00,1.746895377936692029e+00,1.746895377936692029e+00,1.746895377936692029e+00,1.746895377936692029e+00,1.746895377936692029e+00,1.746895377936692029e+00,1.746895377936692029e+00,3.999393911999113982e-01,3.999393911999113982e-01,3.999393911999113982e-01,3.999393911999113982e-01,3.999393911999113982e-01,3.999393911999113982e-01,3.999393911999113982e-01,3.999393911999113982e-01,3.999393911999113982e-01,3.999393911999113982e-01,3.999393911999113982e-01
4.827708080693827952e+00,4.827708080693827952e+00,4.827708080693827952e+00,2.028000816815207941e+00,2.028000816815207941e+00,2.028000816815207941e+00,2.028000816815207941e+00,2.028000816815207941e+00,2.028000816815207941e+00,2.028000816815207941e+00,2.028000816815207941e+00,2.028000816815207941e+00,2.028000816815207941e+00,2.028000816815207941e+00,2.028000816815207941e+00,7.372130871380342398e-01,7.372130871380342398e-01,7.372130871380342398e-01,7.372130871380342398e-01,7.372130871380342398e-01,7.372130871380342398e-01
3.557262108599125838e+00,3.557262108599125838e+00,8.004129811678559747e-01,8.004129811678559747e-01,8.004129811678559747e-01,8.004129811678559747e-01,8.004129811678559747e-01,8.004129811678559747e-01,8.004129811678559747e-01,8.004129811678559747e-01,8.004129811678559747e-01,8.004129811678559747e-01,8.004129811678559747e-01,8.004129811678559747e-01,8.004129811678559747e-01,8.004129811678559747e-01,8.004129811678559747e-01,8.004129811678559747e-01,8.004129811678559747e-01,8.004129811678559747e-01,8.004129811678559747e-01
4.992503075044599115e+00,4.992503075044599115e+00,4.992503075044599115e+00,4.992503075044599115e+00,4.992503075044599115e+00,4.992503075044599115e+00,4.992503075044599115e+00,4.992503075044599115e+00,1.954548407230451090e+00,1.954548407230451090e+00,1.954548407230451090e+00,1.954548407230451090e+00,1.954548407230451090e+00,1.954548407230451090e+00,1.954548407230451090e+00,1.954548407230451090e+00,1.954548407230451090e+00,1.954548407230451090e+00,1.954548407230451090e+00,1.954548407230451090e+00,1.954548407230451090e+00
4.858243836947121252e+00,4.858243836947121252e+00,4.858243836947121252e+00,4.858243836947121252e+00,4.858243836947121252e+00,2.222306433091649325e+00,2.222306433091649325e+00,2.222306433091649325e+00,2.222306433091649325e+00,2.222306433091649325e+00,2.222306433091649325e+00,2.222306433091649325e+00,2.222306433091649325e+00,2.222306433091649325e+00,2.222306433091649325e+00,2.222306433091649325e+00,2.222306433091649325e+00,2.222306433091649325e+00,2.222306433091649325e+00,2.222306433091649325e+00,2.222306433091649325e+00
1.237863797389685772e+00,1.237863797389685772e+00,1.237863797389685772e+00,1.237863797389685772e+00,1.237863797389685772e+00,1.237863797389685772e+00,1.237863797389685772e+00,1.237863797389685772e+00,1.237863797389685772e+00,1.237863797389685772e+00,1.237863797389685772e+00,1.237863797389685772e+00,1.237863797389685772e+00,1.237863797389685772e+00,1.237863797389685772e+00,1.237863797389685772e+00,1.237863797389685772e+00,1.237863797389685772e+00,1.237863797389685772e+00,1.237863797389685772e+00,1.237863797389685772e+00
