3.545196855107315415e+00,3.545196855107315415e+00,3.545196855107315415e+00,3.545196855107315415e+00,8.315573514877989680e-01,5.869702189088439326e-01,5.869702189088439326e-01,5.869702189088439326e-01,5.869702189088439326e-01,5.869702189088439326e-01,5.869702189088439326e-01,5.869702189088439326e-01,5.869702189088439326e-01,5.869702189088439326e-01,5.869702189088439326e-01,5.869702189088439326e-01,5.869702189088439326e-01,5.869702189088439326e-01,5.869702189088439326e-01,5.869702189088439326e-01,5.869702189088439326e-01
9.746850357467707227e+00,9.746850357467707227e+00,9.746850357467707227e+00,9.746850357467707227e+00,9.746850357467707227e+00,2.481289343434768035e+00,2.481289343434768035e+00,2.481289343434768035e+00,2.481289343434768035e+00,2.481289343434768035e+00,2.481289343434768035e+00,5.347348754764738032e-01,5.347348754764738032e-01,4.006677723889033871e-01,4.006677723889033871e-01,4.005466450094239406e-01,4.004285773240532365e-01,4.003214893803885843e-01,4.003214893803885843e-01,4.003214893803885843e-01,3.981172831025183712e-01
7.693125871351418787e+00,7.693125871351418787e+00,4.565290814874379599e+00,4.565290814874379599e+00,2.248887660290725954e+00,2.058810361142743517e+00,2.058810361142743517e+00,2.058810361142743517e+00,2.058810361142743517e+00,2.058810361142743517e+00,2.058810361142743517e+00,2.058810361142743517e+00,1.029358812459026495e+00,6.665050183364762404e-01,4.946719575274869385e-01,4.946719575274869385e-01,4.946719575274869385e-01,4.946719575274869385e-01,4.457346231357028898e-01,4.457346231357028898e-01,4.457346231357028898e-01
5.094302375041932507e+00,5.094302375041932507e+00,5.094302375041932507e+00,2.060587806906426955e+00,2.060587806906426955e+00,2.060587806906426955e+00,2.060587806906426955e+00,4.344749398699327969e-01,4.132335361107486449e-01,4.132335361107486449e-01,4.132335361107486449e-01,4.117786280423203493e-01,4.117786280423203493e-01,4.117786280423203493e-01,4.117786280423203493e-01,4.117786280423203493e-01,4.117786280423203493e-01,4.117786280423203493e-01,4.117786280423203493e-01,4.117786280423203493e-01,4.117786280423203493e-01
8.843966319397878806e+00,8.843966319397878806e+00,8.843966319397878806e+00,8.843966319397878806e+00,8.843966319397878806e+00,3.736696182626893403e+00,3.736696182626893403e+00,1.060117088607226421e+00,1.060117088607226421e+00,1.060117088607226421e+00,4.150347293901610612e-01,4.150347293901610612e-01,4.150347293901610612e-01,4.150347293901610612e-01,4.150347293901610612e-01,4.012167676564608598e-01,4.012167676564608598e-01,4.012167676564608598e-01,4.012167676564608598e-01,4.012167676564608598e-01,4.012167676564608598e-01
6.166339592124312929e+00,1.154927101571528780e+00,1.154927101571528780e+00,6.977493879013447753e-01,6.977493879013447753e-01,6.977493879013447753e-01,6.977493879013447753e-01,6.977493879013447753e-01,4.031184001923922011e-01,4.031184001923922011e-01,4.031184001923922011e-01,4.031184001923922011e-01,4.031184001923922011e-01,4.005456801159112956e-01,4.005456801159112956e-01,4.004941782301365549e-01,4.004941782301365549e-01,3.999871169756747946e-01,3.999621863027531532e-01,3.999621863027531532e-01,3.999621863027531532e-01
1.463105973244504909e+01,5.647259077702221575e+00,5.647259077702221575e+00,6.070311263100460764e-01,6.070311263100460764e-01,4.575339872181007905e-01,4.522921111571278630e-01,4.455210729615401988e-01,4.455210729615401988e-01,4.455210729615401988e-01,4.455210729615401988e-01,4.455210729615401988e-01,4.455210729615401988e-01,4.455210729615401988e-01,4.354957478626033662e-01,4.354418545488467629e-01,4.353628602077961318e-01,4.353628602077961318e-01,4.353628602077961318e-01,4.353628602077961318e-01,4.101888196492708971e-01
2.087576548445779778e+00,2.087576548445779778e+00,8.146312261837564961e-01,5.926694639818421706e-01,5.926694639818421706e-01,5.926694639818421706e-01,4.081533320358765593e-01,4.054494318544641374e-01,4.054494318544641374e-01,4.054494318544641374e-01,4.054494318544641374e-01,4.054494318544641374e-01,3.987870590267981186e-01,3.984881131808375443e-01,3.983963581371678941e-01,3.983298660563878713e-01,3.982647547347308858e-01,3.982265244070415378e-01,3.981832914118612621e-01,3.981832914118612621e-01,3.981832914118612621e-01
1.094298286285527055e+00,6.600323110542181126e-01,6.600323110542181126e-01,6.600323110542181126e-01,6.600323110542181126e-01,6.600323110542181126e-01,6.600323110542181126e-01,6.600323110542181126e-01,6.600323110542181126e-01,6.600323110542181126e-01,6.600323110542181126e-01,6.600323110542181126e-01,4.266548174029356488e-01,4.266548174029356488e-01,4.083151943772502790e-01,4.082756999270067411e-01,4.081893741846140955e-01,4.080928045512024482e-01,4.080006746478268553e-01,4.079010314714359708e-01,4.078084352449593553e-01
1.686375184037311570e+00,1.686375184037311570e+00,1.686375184037311570e+00,6.925651003331712019e-01,6.925651003331712019e-01,6.925651003331712019e-01,6.925651003331712019e-01,6.925651003331712019e-01,6.925651003331712019e-01,6.925651003331712019e-01,6.925651003331712019e-01,6.925651003331712019e-01,6.925651003331712019e-01,6.925651003331712019e-01,5.638426163106249334e-01,4.857876355240797750e-01,4.857876355240797750e-01,4.857876355240797750e-01,4.857876355240797750e-01,3.985834566023012115e-01,3.985510042129796204e-01
5.604303918368117365e+00,3.154990969263739231e+00,3.154990969263739231e+00,3.154990969263739231e+00,3.154990969263739231e+00,3.154990969263739231e+00,3.154990969263739231e+00,1.186326897789976798e+00,1.186326897789976798e+00,1.186326897789976798e+00,1.186326897789976798e+00,1.017319625699848018e+00,1.017319625699848018e+00,1.017319625699848018e+00,1.017319625699848018e+00,1.017319625699848018e+00,1.017319625699848018e+00,1.017319625699848018e+00,5.182925259769994852e-01,5.182925259769994852e-01,5.182925259769994852e-01
5.101854702066825453e+00,5.101854702066825453e+00,5.101854702066825453e+00,5.101854702066825453e+00,5.101854702066825453e+00,5.101854702066825453e+00,5.101854702066825453e+00,2.262242843470940734e+00,2.262242843470940734e+00,7.081264798035640240e-01,5.272112279590430717e-01,5.272112279590430717e-01,5.272112279590430717e-01,5.272112279590430717e-01,3.996025033643455515e-01,3.996025033643455515e-01,3.995986786601353202e-01,3.995986786601353202e-01,3.995986786601353202e-01,3.995986786601353202e-01,3.995986786601353202e-01
2.061964464423118315e+01,1.969175969460802378e+01,1.096088903565150474e+01,1.096088903565150474e+01,1.096088903565150474e+01,1.967422028238354770e+00,1.967422028238354770e+00,1.967422028238354770e+00,1.432601609749111660e+00,1.432601609749111660e+00,4.254007971794919740e-01,4.254007971794919740e-01,4.000135762601573219e-01,3.998929243384026222e-01,3.998929243384026222e-01,3.998929243384026222e-01,3.998929243384026222e-01,3.998929243384026222e-01,3.998929243384026222e-01,3.998929243384026222e-01,3.998929243384026222e-01
8.005729131539522925e+00,8.005729131539522925e+00,3.045871980297101267e+00,3.045871980297101267e+00,3.045871980297101267e+00,3.045871980297101267e+00,7.186005022881190030e-01,4.652213525892516799e-01,4.652213525892516799e-01,4.031280078397365685e-01,4.030610869540449670e-01,4.030051981723854482e-01,4.029610673092633988e-01,4.029295631043456893e-01,4.029076515613727594e-01,4.028998450043435042e-01,4.028993974561370095e-01,4.028993974561370095e-01,4.028993974561370095e-01,4.028993974561370095e-01,4.028993974561370095e-01
1.746895377936693805e+00,1.746895377936693805e+00,1.746895377936693805e+00,1.746895377936693805e+00,1.746895377936693805e+00,9.552157941710301969e-01,9.552157941710301969e-01,9.552157941710301969e-01,9.552157941710301969e-01,9.552157941710301969e-01,4.276784648523186405e-01,4.276784648523186405e-01,4.276784648523186405e-01,4.276784648523186405e-01,4.146486094632333419e-01,4.146486094632333419e-01,4.146486094632333419e-01,4.146486094632333419e-01,4.146486094632333419e-01,4.146486094632333419e-01,4.146486094632333419e-01
4.827708080693826176e+00,4.827708080693826176e+00,4.827708080693826176e+00,2.292116435785185757e+00,2.292116435785185757e+00,2.292116435785185757e+00,2.292116435785185757e+00,4.297652179308073528e-01,4.297652179308073528e-01,4.029180332400841280e-01,4.028781844766022857e-01,4.028525327270262579e-01,4.028100550623285869e-01,4.028100550623285869e-01,4.022446219474478113e-01,4.021792191627131530e-01,4.021143513023783811e-01,4.020415859911832257e-01,4.019681973746482839e-01,4.018615775720206784e-01,4.018084665848853376e-01
3.557262108599126726e+00,3.557262108599126726e+00,6.742370533604749028e-01,6.742370533604749028e-01,4.220458728640945623e-01,4.220458728640945623e-01,4.220458728640945623e-01,4.220458728640945623e-01,4.220458728640945623e-01,4.220458728640945623e-01,4.220458728640945623e-01,4.177247925675082740e-01,4.172120541864217103e-01,4.168051969290758052e-01,4.168051969290758052e-01,4.168051969290758052e-01,4.168051969290758052e-01,4.168051969290758052e-01,4.168051969290758052e-01,4.168051969290758052e-01,4.168051969290758052e-01
4.992503075044600891e+00,4.992503075044600891e+00,4.992503075044600891e+00,4.992503075044600891e+00,4.992503075044600891e+00,4.992503075044600891e+00,4.992503075044600891e+00,4.992503075044600891e+00,1.890783370268819041e+00,1.890783370268819041e+00,1.890783370268819041e+00,1.890783370268819041e+00,1.890783370268819041e+00,1.890783370268819041e+00,1.890783370268819041e+00,1.890783370268819041e+00,1.890783370268819041e+00,7.361685520098220081e-01,4.068197166079166038e-01,4.068197166079166038e-01,4.068197166079166038e-01
4.858243836947121252e+00,3.659786880908777462e+00,1.738254223039689350e+00,1.738254223039689350e+00,1.738254223039689350e+00,6.329479526655497068e-01,6.329479526655497068e-01,6.329479526655497068e-01,6.329479526655497068e-01,6.329479526655497068e-01,4.012519733894208684e-01,4.012519733894208684e-01,4.012519733894208684e-01,4.012519733894208684e-01,3.984224972900243245e-01,3.984224972900243245e-01,3.984224972900243245e-01,3.984224972900243245e-01,3.984224972900243245e-01,3.984224972900243245e-01,3.984224972900243245e-01
1.237863797389685772e+00,1.237863797389685772e+00,1.237863797389685772e+00,1.052644579094083710e+00,1.052644579094083710e+00,1.052644579094083710e+00,1.052644579094083710e+00,1.052644579094083710e+00,1.052644579094083710e+00,1.052644579094083710e+00,1.052644579094083710e+00,1.052644579094083710e+00,1.052644579094083710e+00,1.052644579094083710e+00,1.052644579094083710e+00,1.052644579094083710e+00,1.052644579094083710e+00,1.052644579094083710e+00,1.052644579094083710e+00,4.360367471862360844e-01,4.360367471862360844e-01
