3.545196855107316303e+00,3.545196855107316303e+00,3.545196855107316303e+00,2.206171119824531957e+00,2.206171119824531957e+00,2.206171119824531957e+00,2.206171119824531957e+00,2.206171119824531957e+00,2.206171119824531957e+00,2.206171119824531957e+00,2.206171119824531957e+00,2.206171119824531957e+00,1.213968452768003914e+00,1.213968452768003914e+00,1.213968452768003914e+00,1.213968452768003914e+00,1.213968452768003914e+00,1.213968452768003914e+00,1.213968452768003914e+00,5.521797432918180704e-01,5.521797432918180704e-01
9.746850357467707227e+00,9.746850357467707227e+00,9.746850357467707227e+00,9.746850357467707227e+00,9.746850357467707227e+00,9.746850357467707227e+00,1.960040535491197389e+00,1.960040535491197389e+00,1.960040535491197389e+00,1.593273208444701439e+00,1.593273208444701439e+00,1.593273208444701439e+00,1.593273208444701439e+00,1.593273208444701439e+00,1.593273208444701439e+00,1.593273208444701439e+00,6.890638566869871084e-01,6.890638566869871084e-01,6.890638566869871084e-01,6.890638566869871084e-01,6.890638566869871084e-01
7.693125871351418787e+00,7.693125871351418787e+00,3.534907417302149746e+00,3.534907417302149746e+00,3.534907417302149746e+00,2.068954903153825242e+00,2.068954903153825242e+00,2.068954903153825242e+00,2.068954903153825242e+00,2.068954903153825242e+00,2.068954903153825242e+00,2.068954903153825242e+00,8.966012550208013465e-01,8.966012550208013465e-01,8.966012550208013465e-01,8.966012550208013465e-01,8.966012550208013465e-01,8.755355008835632447e-01,8.755355008835632447e-01,8.755355008835632447e-01,8.755355008835632447e-01
5.094302375041933395e+00,5.094302375041933395e+00,5.094302375041933395e+00,3.489389578952628135e+00,3.489389578952628135e+00,3.489389578952628135e+00,3.489389578952628135e+00,3.489389578952628135e+00,3.489389578952628135e+00,3.470646202174939354e+00,2.877964462226702658e+00,2.877964462226702658e+00,2.877964462226702658e+00,2.877964462226702658e+00,2.877964462226702658e+00,1.774159912159920083e+00,1.774159912159920083e+00,1.774159912159920083e+00,1.774159912159920083e+00,1.774159912159920083e+00,1.774159912159920083e+00
8.843966319397878806e+00,8.843966319397878806e+00,8.843966319397878806e+00,8.843966319397878806e+00,8.843966319397878806e+00,4.762247506609045722e+00,4.762247506609045722e+00,3.355141229581571238e+00,3.355141229581571238e+00,3.355141229581571238e+00,1.993198856977027589e+00,1.993198856977027589e+00,1.993198856977027589e+00,1.993198856977027589e+00,1.993198856977027589e+00,1.993198856977027589e+00,1.993198856977027589e+00,9.752708030374126480e-01,9.752708030374126480e-01,9.752708030374126480e-01,9.752708030374126480e-01
6.166339592124312041e+00,3.579516801702875561e+00,3.579516801702875561e+00,3.579516801702875561e+00,3.579516801702875561e+00,3.579516801702875561e+00,3.579516801702875561e+00,2.074278195925172597e+00,2.074278195925172597e+00,2.074278195925172597e+00,2.074278195925172597e+00,2.074278195925172597e+00,2.074278195925172597e+00,8.456799494869855494e-01,8.456799494869855494e-01,8.456799494869855494e-01,8.456799494869855494e-01,8.456799494869855494e-01,8.456799494869855494e-01,8.456799494869855494e-01,8.456799494869855494e-01
1.463105973244504909e+01,5.142638006991076871e+00,5.142638006991076871e+00,5.142638006991076871e+00,2.675269501561249541e+00,2.675269501561249541e+00,2.675269501561249541e+00,2.675269501561249541e+00,2.675269501561249541e+00,2.226964296028890899e+00,1.869595590965571930e+00,1.869595590965571930e+00,1.869595590965571930e+00,1.869595590965571930e+00,1.869595590965571930e+00,1.869595590965571930e+00,1.869595590965571930e+00,1.869595590965571930e+00,1.827490434859200263e+00,1.827490434859200263e+00,1.827490434859200263e+00
2.087576548445779778e+00,2.087576548445779778e+00,1.710874710316538483e+00,1.710874710316538483e+00,1.710874710316538483e+00,1.710874710316538483e+00,1.710874710316538483e+00,1.710874710316538483e+00,1.494028856778802705e+00,1.494028856778802705e+00,1.494028856778802705e+00,1.494028856778802705e+00,1.494028856778802705e+00,1.494028856778802705e+00,1.494028856778802705e+00,1.494028856778802705e+00,1.494028856778802705e+00,1.494028856778802705e+00,1.494028856778802705e+00,1.494028856778802705e+00,1.494028856778802705e+00
1.094298286285527055e+00,1.094298286285527055e+00,1.094298286285527055e+00,1.094298286285527055e+00,1.094298286285527055e+00,1.094298286285527055e+00,1.094298286285527055e+00,1.094298286285527055e+00,1.094298286285527055e+00,1.094298286285527055e+00,1.094298286285527055e+00,1.094298286285527055e+00,1.094298286285527055e+00,1.094298286285527055e+00,1.094298286285527055e+00,1.094298286285527055e+00,1.094298286285527055e+00,1.094298286285527055e+00,1.094298286285527055e+00,1.094298286285527055e+00,1.094298286285527055e+00
1.686375184037311570e+00,1.686375184037311570e+00,1.686375184037311570e+00,1.686375184037311570e+00,1.686375184037311570e+00,1.686375184037311570e+00,1.686375184037311570e+00,1.420899272165566884e+00,1.420899272165566884e+00,1.420899272165566884e+00,1.420899272165566884e+00,1.420899272165566884e+00,1.420899272165566884e+00,1.420899272165566884e+00,1.420899272165566884e+00,1.420899272165566884e+00,1.420899272165566884e+00,1.420899272165566884e+00,1.420899272165566884e+00,1.420899272165566884e+00,6.444854794917755925e-01
5.604303918368116477e+00,5.394705803207464179e+00,5.394705803207464179e+00,5.394705803207464179e+00,3.295059682010904822e+00,3.295059682010904822e+00,3.295059682010904822e+00,3.295059682010904822e+00,3.295059682010904822e+00,3.295059682010904822e+00,3.295059682010904822e+00,6.316114371750600753e-01,6.316114371750600753e-01,6.316114371750600753e-01,6.316114371750600753e-01,6.316114371750600753e-01,6.316114371750600753e-01,6.316114371750600753e-01,6.316114371750600753e-01,6.316114371750600753e-01,6.316114371750600753e-01
5.101854702066826341e+00,5.101854702066826341e+00,5.101854702066826341e+00,5.101854702066826341e+00,5.101854702066826341e+00,5.101854702066826341e+00,5.101854702066826341e+00,6.869151818562144740e-01,6.869151818562144740e-01,6.869151818562144740e-01,6.869151818562144740e-01,6.869151818562144740e-01,6.869151818562144740e-01,6.869151818562144740e-01,6.869151818562144740e-01,6.869151818562144740e-01,6.869151818562144740e-01,6.869151818562144740e-01,6.869151818562144740e-01,6.869151818562144740e-01,6.869151818562144740e-01
2.061964464423118315e+01,1.741635444995300475e+01,1.096088903565150474e+01,1.096088903565150474e+01,1.096088903565150474e+01,6.479588433307834627e+00,3.733059074040355974e+00,1.866246271266247092e+00,1.866246271266247092e+00,1.866246271266247092e+00,1.866246271266247092e+00,1.866246271266247092e+00,1.866246271266247092e+00,1.866246271266247092e+00,1.866246271266247092e+00,1.866246271266247092e+00,1.866246271266247092e+00,1.866246271266247092e+00,1.866246271266247092e+00,1.866246271266247092e+00,1.341579331061945268e+00
8.005729131539524701e+00,8.005729131539524701e+00,8.005729131539524701e+00,3.870123580648807682e+00,3.870123580648807682e+00,3.870123580648807682e+00,3.870123580648807682e+00,3.870123580648807682e+00,3.870123580648807682e+00,2.848172453529874915e+00,2.848172453529874915e+00,7.361786176510776158e-01,7.361786176510776158e-01,7.361786176510776158e-01,7.361786176510776158e-01,7.361786176510776158e-01,7.361786176510776158e-01,7.361786176510776158e-01,7.361786176510776158e-01,7.361786176510776158e-01,7.361786176510776158e-01
1.746895377936693805e+00,1.746895377936693805e+00,1.746895377936693805e+00,1.746895377936693805e+00,1.746895377936693805e+00,1.746895377936693805e+00,1.746895377936693805e+00,1.545892620308112697e+00,1.545892620308112697e+00,1.545892620308112697e+00,1.545892620308112697e+00,1.545892620308112697e+00,1.545892620308112697e+00,1.545892620308112697e+00,1.545892620308112697e+00,1.545892620308112697e+00,1.545892620308112697e+00,4.463570974562074412e-01,4.463570974562074412e-01,4.463570974562074412e-01,4.463570974562074412e-01
4.827708080693827064e+00,4.827708080693827064e+00,4.827708080693827064e+00,2.195344263054059830e+00,2.195344263054059830e+00,2.195344263054059830e+00,2.195344263054059830e+00,2.195344263054059830e+00,2.195344263054059830e+00,2.195344263054059830e+00,2.195344263054059830e+00,1.309554421137068658e+00,1.309554421137068658e+00,1.309554421137068658e+00,1.309554421137068658e+00,1.309554421137068658e+00,1.309554421137068658e+00,1.309554421137068658e+00,1.309554421137068658e+00,7.907520693429326286e-01,6.793484551368340618e-01
3.557262108599126726e+00,3.557262108599126726e+00,3.557262108599126726e+00,3.557262108599126726e+00,3.557262108599126726e+00,3.557262108599126726e+00,1.988374636738955203e+00,1.988374636738955203e+00,1.988374636738955203e+00,1.988374636738955203e+00,1.988374636738955203e+00,1.988374636738955203e+00,1.988374636738955203e+00,1.988374636738955203e+00,1.988374636738955203e+00,1.988374636738955203e+00,1.988374636738955203e+00,1.988374636738955203e+00,1.988374636738955203e+00,1.988374636738955203e+00,1.988374636738955203e+00
4.992503075044601779e+00,4.992503075044601779e+00,4.992503075044601779e+00,4.992503075044601779e+00,4.992503075044601779e+00,4.992503075044601779e+00,4.600737940739686671e+00,4.600737940739686671e+00,2.117692197660482556e+00,2.117692197660482556e+00,2.117692197660482556e+00,6.664199978090259435e-01,6.664199978090259435e-01,6.664199978090259435e-01,6.664199978090259435e-01,6.664199978090259435e-01,6.664199978090259435e-01,6.664199978090259435e-01,6.664199978090259435e-01,6.664199978090259435e-01,4.538847304658517601e-01
4.858243836947120364e+00,4.858243836947120364e+00,4.858243836947120364e+00,4.858243836947120364e+00,4.858243836947120364e+00,4.858243836947120364e+00,4.858243836947120364e+00,4.858243836947120364e+00,2.127760245014256313e+00,2.127760245014256313e+00,2.127760245014256313e+00,8.979858277545247347e-01,8.979858277545247347e-01,8.979858277545247347e-01,8.979858277545247347e-01,4.362957614223876845e-01,4.362957614223876845e-01,4.362957614223876845e-01,4.362957614223876845e-01,4.362957614223876845e-01,4.362957614223876845e-01
1.237863797389685772e+00,1.237863797389685772e+00,1.237863797389685772e+00,1.237863797389685772e+00,8.484299818679534866e-01,8.484299818679534866e-01,8.484299818679534866e-01,6.346433249272553923e-01,6.346433249272553923e-01,6.346433249272553923e-01,6.346433249272553923e-01,6.346433249272553923e-01,6.346433249272553923e-01,6.346433249272553923e-01,6.346433249272553923e-01,6.346433249272553923e-01,6.346433249272553923e-01,6.346433249272553923e-01,6.346433249272553923e-01,6.346433249272553923e-01,6.346433249272553923e-01
