3.545196855107315415e+00,3.545196855107315415e+00,2.315856757830005108e+00,9.038040620929113089e-01,4.851726561215823352e-01,4.851726561215823352e-01,4.851726561215823352e-01,4.310798854418447235e-01,4.310798854418447235e-01,4.310798854418447235e-01,4.310798854418447235e-01,4.310798854418447235e-01,4.310798854418447235e-01,4.310798854418447235e-01,4.310798854418447235e-01,4.310798854418447235e-01,4.310798854418447235e-01,4.310798854418447235e-01,4.310798854418447235e-01,4.310798854418447235e-01,4.310798854418447235e-01
9.746850357467707227e+00,9.746850357467707227e+00,9.746850357467707227e+00,5.319411074271327422e+00,5.319411074271327422e+00,5.319411074271327422e+00,2.320054983903388823e+00,1.120652378283891082e+00,1.120652378283891082e+00,1.032717910043825071e+00,5.817406122851132011e-01,5.817406122851132011e-01,5.817406122851132011e-01,5.817406122851132011e-01,4.170846796814835500e-01,4.011486518603994966e-01,4.011486518603994966e-01,4.011486518603994966e-01,4.011486518603994966e-01,4.011486518603994966e-01,4.011486518603994966e-01
7.693125871351418787e+00,7.693125871351418787e+00,4.060744814802674796e-01,4.060744814802674796e-01,4.060744814802674796e-01,4.060744814802674796e-01,3.984297493141362168e-01,3.984297493141362168e-01,3.984297493141362168e-01,3.984297493141362168e-01,3.984297493141362168e-01,3.984297493141362168e-01,3.984297493141362168e-01,3.984297493141362168e-01,3.984297493141362168e-01,3.984297493141362168e-01,3.984297493141362168e-01,3.984297493141362168e-01,3.984297493141362168e-01,3.984297493141362168e-01,3.984297493141362168e-01
5.094302375041932507e+00,5.094302375041932507e+00,5.094302375041932507e+00,5.094302375041932507e+00,4.152593431969575200e+00,4.152593431969575200e+00,5.307855468261752918e-01,5.307855468261752918e-01,4.847777494461649184e-01,4.847777494461649184e-01,4.847777494461649184e-01,4.847777494461649184e-01,4.631201651816461151e-01,4.631201651816461151e-01,4.631201651816461151e-01,4.631201651816461151e-01,4.631201651816461151e-01,4.631201651816461151e-01,4.107628990941272207e-01,3.981198762876321240e-01,3.979960922639786958e-01
8.843966319397878806e+00,8.843966319397878806e+00,1.812100540339642407e+00,1.452896919151070776e+00,1.452896919151070776e+00,8.332859724151635561e-01,4.779107021324406901e-01,4.075597359403051456e-01,4.075597359403051456e-01,4.075597359403051456e-01,4.075597359403051456e-01,4.075597359403051456e-01,4.075597359403051456e-01,4.075597359403051456e-01,4.075597359403051456e-01,4.075597359403051456e-01,4.075597359403051456e-01,4.075597359403051456e-01,4.075597359403051456e-01,4.075597359403051456e-01,4.075597359403051456e-01
6.166339592124312929e+00,1.650478633266203587e+00,1.650478633266203587e+00,1.650478633266203587e+00,1.192520779813722953e+00,1.192520779813722953e+00,6.255314772724567263e-01,4.258601081701876012e-01,4.059799518751656677e-01,4.059799518751656677e-01,4.059799518751656677e-01,4.059799518751656677e-01,4.059799518751656677e-01,4.059799518751656677e-01,4.059799518751656677e-01,4.059799518751656677e-01,4.059799518751656677e-01,4.059799518751656677e-01,4.059799518751656677e-01,4.059799518751656677e-01,4.059799518751656677e-01
1.463105973244504909e+01,7.013628719976980008e+00,6.149054681855091076e+00,1.833617736424496769e+00,1.556651873843497569e+00,8.017036614027581720e-01,8.017036614027581720e-01,8.017036614027581720e-01,8.017036614027581720e-01,8.017036614027581720e-01,4.181024380355751191e-01,4.181024380355751191e-01,4.181024380355751191e-01,4.181024380355751191e-01,4.181024380355751191e-01,3.986803757390298131e-01,3.986803757390298131e-01,3.986803757390298131e-01,3.980434038544675701e-01,3.980434038544675701e-01,3.980434038544675701e-01
2.087576548445779778e+00,2.087576548445779778e+00,1.206167841461629919e+00,6.141336353290114403e-01,6.141336353290114403e-01,6.141336353290114403e-01,6.141336353290114403e-01,4.650299717320205417e-01,4.163274755128050231e-01,4.095094449457477026e-01,4.095094449457477026e-01,4.095094449457477026e-01,4.095094449457477026e-01,4.095094449457477026e-01,3.987027370664097958e-01,3.987027370664097958e-01,3.987027370664097958e-01,3.987027370664097958e-01,3.987027370664097958e-01,3.987027370664097958e-01,3.987027370664097958e-01
1.094298286285527055e+00,1.094298286285527055e+00,7.172768280291439424e-01,7.172768280291439424e-01,7.172768280291439424e-01,5.335301787541570917e-01,5.335301787541570917e-01,5.335301787541570917e-01,3.980565881429871666e-01,3.980565881429871666e-01,3.980565881429871666e-01,3.980565881429871666e-01,3.978942484345822095e-01,3.978942484345822095e-01,3.978942484345822095e-01,3.978942484345822095e-01,3.978942484345822095e-01,3.978942484345822095e-01,3.978942484345822095e-01,3.978942484345822095e-01,3.978942484345822095e-01
1.686375184037311570e+00,1.686375184037311570e+00,1.686375184037311570e+00,1.686375184037311570e+00,9.431385117610471269e-01,5.636099427189282807e-01,5.636099427189282807e-01,5.636099427189282807e-01,5.636099427189282807e-01,4.572431061970334554e-01,4.572431061970334554e-01,4.572431061970334554e-01,4.572431061970334554e-01,4.572431061970334554e-01,4.572431061970334554e-01,3.993611936386507466e-01,3.993611936386507466e-01,3.993611936386507466e-01,3.993611936386507466e-01,3.993611936386507466e-01,3.993611936386507466e-01
5.604303918368117365e+00,5.604303918368117365e+00,1.631996787841424990e+00,1.631996787841424990e+00,1.631996787841424990e+00,9.244852054016892140e-01,4.400066161758360295e-01,4.121590063226712175e-01,4.121590063226712175e-01,4.121590063226712175e-01,3.981559931700697774e-01,3.981559931700697774e-01,3.981559931700697774e-01,3.981559931700697774e-01,3.981559931700697774e-01,3.981559931700697774e-01,3.981559931700697774e-01,3.981559931700697774e-01,3.981559931700697774e-01,3.981559931700697774e-01,3.981559931700697774e-01
5.101854702066825453e+00,5.101854702066825453e+00,5.101854702066825453e+00,5.101854702066825453e+00,2.698902381526896654e+00,2.068770355277683493e+00,2.068770355277683493e+00,1.534544569876047149e+00,9.960673750166648688e-01,6.299145381256341381e-01,5.966253924911892881e-01,5.966253924911892881e-01,5.966253924911892881e-01,5.966253924911892881e-01,5.966253924911892881e-01,5.966253924911892881e-01,4.294424144042512381e-01,4.040525516999124989e-01,4.040525516999124989e-01,4.040525516999124989e-01,4.040525516999124989e-01
2.061964464423118315e+01,8.939478866396223466e+00,8.939478866396223466e+00,8.939478866396223466e+00,8.939478866396223466e+00,3.024837997233564835e+00,1.347251484212264927e+00,6.112729699639611880e-01,6.112729699639611880e-01,6.112729699639611880e-01,6.112729699639611880e-01,4.528883426852914340e-01,4.528883426852914340e-01,4.528883426852914340e-01,4.528883426852914340e-01,4.528883426852914340e-01,3.993701462719716488e-01,3.993701462719716488e-01,3.993701462719716488e-01,3.993701462719716488e-01,3.993701462719716488e-01
8.005729131539522925e+00,8.005729131539522925e+00,8.005729131539522925e+00,1.984074405087152826e+00,1.081480024572723408e+00,1.081480024572723408e+00,7.162553427956570573e-01,7.162553427956570573e-01,7.162553427956570573e-01,7.162553427956570573e-01,7.162553427956570573e-01,7.162553427956570573e-01,5.256379755606772619e-01,4.570200226023626300e-01,4.570200226023626300e-01,4.570200226023626300e-01,4.027157401474301679e-01,4.027157401474301679e-01,4.027157401474301679e-01,4.027157401474301679e-01,4.027157401474301679e-01
1.746895377936693805e+00,1.746895377936693805e+00,5.379122180656850105e-01,5.379122180656850105e-01,4.147032082858572721e-01,4.147032082858572721e-01,4.147032082858572721e-01,3.979390111827907361e-01,3.979390111827907361e-01,3.979390111827907361e-01,3.979390111827907361e-01,3.979390111827907361e-01,3.979390111827907361e-01,3.979390111827907361e-01,3.979390111827907361e-01,3.979390111827907361e-01,3.979390111827907361e-01,3.979390111827907361e-01,3.979390111827907361e-01,3.979390111827907361e-01,3.979390111827907361e-01
4.827708080693826176e+00,4.827708080693826176e+00,4.827708080693826176e+00,2.062124768144382614e+00,1.186120819280668925e+00,8.639815408137767605e-01,8.639815408137767605e-01,8.639815408137767605e-01,8.639815408137767605e-01,8.639815408137767605e-01,6.982084827372752045e-01,6.982084827372752045e-01,6.982084827372752045e-01,6.982084827372752045e-01,6.982084827372752045e-01,4.303206134703270180e-01,4.303206134703270180e-01,4.303206134703270180e-01,3.992162046945946230e-01,3.992162046945946230e-01,3.992162046945946230e-01
3.557262108599126726e+00,3.557262108599126726e+00,2.538684527739645702e+00,1.626091277050605299e+00,8.199118954633064504e-01,8.199118954633064504e-01,7.485842454648228284e-01,7.485842454648228284e-01,7.485842454648228284e-01,7.485842454648228284e-01,6.743930439079637296e-01,6.743930439079637296e-01,4.357712932469866018e-01,4.357712932469866018e-01,4.146766861666275616e-01,4.146766861666275616e-01,4.146766861666275616e-01,4.146766861666275616e-01,4.146766861666275616e-01,4.146766861666275616e-01,4.146766861666275616e-01
4.992503075044600891e+00,4.992503075044600891e+00,3.172008163848786921e+00,2.598324353271191711e+00,2.598324353271191711e+00,2.261906772118851272e+00,1.484388602969527682e+00,1.308263039665570560e+00,1.308263039665570560e+00,1.015190719667076635e+00,4.306452856471771895e-01,4.306452856471771895e-01,4.306452856471771895e-01,4.306452856471771895e-01,4.248015738362216354e-01,4.248015738362216354e-01,4.248015738362216354e-01,4.248015738362216354e-01,4.248015738362216354e-01,4.248015738362216354e-01,4.248015738362216354e-01
4.858243836947121252e+00,1.408506009655772218e+00,1.408506009655772218e+00,1.408506009655772218e+00,1.051784430931563818e+00,1.051784430931563818e+00,9.714986023389169389e-01,9.714986023389169389e-01,9.714986023389169389e-01,4.181967829885415711e-01,4.175234881788298935e-01,4.175234881788298935e-01,4.164122413386373012e-01,4.164122413386373012e-01,4.164122413386373012e-01,4.164122413386373012e-01,4.164122413386373012e-01,4.164122413386373012e-01,4.025063665593364703e-01,4.025063665593364703e-01,4.025063665593364703e-01
1.237863797389685772e+00,1.237863797389685772e+00,1.237863797389685772e+00,1.237863797389685772e+00,1.237863797389685772e+00,7.361561346496294789e-01,4.447224801913876036e-01,4.358584270676040262e-01,4.358584270676040262e-01,4.358584270676040262e-01,4.011076859681192985e-01,4.011076859681192985e-01,3.980011918927850445e-01,3.980011918927850445e-01,3.980011918927850445e-01,3.980011918927850445e-01,3.980011918927850445e-01,3.980011918927850445e-01,3.980011918927850445e-01,3.980011918927850445e-01,3.980011918927850445e-01
