3.545196855107315415e+00,3.545196855107315415e+00,1.953869642778725435e+00,6.625178049408334546e-01,6.625178049408334546e-01,6.625178049408334546e-01,6.625178049408334546e-01,6.625178049408334546e-01,4.003787835763078506e-01,4.003787835763078506e-01,4.003787835763078506e-01,4.003787835763078506e-01,4.003787835763078506e-01,4.003787835763078506e-01,4.003787835763078506e-01,4.003787835763078506e-01,4.003787835763078506e-01,4.003787835763078506e-01,4.003787835763078506e-01,4.003787835763078506e-01,4.003787835763078506e-01
9.746850357467707227e+00,9.746850357467707227e+00,9.746850357467707227e+00,5.619403984948039721e+00,5.619403984948039721e+00,5.619403984948039721e+00,5.619403984948039721e+00,2.322360611418586629e+00,1.040362071276007327e+00,1.040362071276007327e+00,5.731271561570229212e-01,5.731271561570229212e-01,5.731271561570229212e-01,5.731271561570229212e-01,5.731271561570229212e-01,5.731271561570229212e-01,3.997606941807562153e-01,3.997606941807562153e-01,3.997606941807562153e-01,3.997606941807562153e-01,3.997606941807562153e-01
7.693125871351418787e+00,7.693125871351418787e+00,3.153453162196476534e+00,1.236017846197137615e+00,1.236017846197137615e+00,1.236017846197137615e+00,1.236017846197137615e+00,1.236017846197137615e+00,1.236017846197137615e+00,1.236017846197137615e+00,1.236017846197137615e+00,1.236017846197137615e+00,1.236017846197137615e+00,1.236017846197137615e+00,1.236017846197137615e+00,1.236017846197137615e+00,1.236017846197137615e+00,5.517700491342624192e-01,5.517700491342624192e-01,4.321394726084727411e-01,4.321394726084727411e-01
5.094302375041932507e+00,5.094302375041932507e+00,5.094302375041932507e+00,5.094302375041932507e+00,4.197348442151440651e+00,5.205849950065922771e-01,5.205849950065922771e-01,5.205849950065922771e-01,5.205849950065922771e-01,4.234972858622364500e-01,4.234972858622364500e-01,4.234972858622364500e-01,4.234972858622364500e-01,4.234972858622364500e-01,4.234972858622364500e-01,4.234972858622364500e-01,4.234972858622364500e-01,4.234972858622364500e-01,4.234972858622364500e-01,4.234972858622364500e-01,4.234972858622364500e-01
8.843966319397878806e+00,8.843966319397878806e+00,1.770380079034042708e+00,1.770380079034042708e+00,1.770380079034042708e+00,9.850314919939845426e-01,5.226613297383250201e-01,5.122426418883564425e-01,5.122426418883564425e-01,5.122426418883564425e-01,5.122426418883564425e-01,5.122426418883564425e-01,4.045435292272668848e-01,4.045435292272668848e-01,4.045435292272668848e-01,4.045435292272668848e-01,4.045435292272668848e-01,4.045435292272668848e-01,4.045435292272668848e-01,4.045435292272668848e-01,4.045435292272668848e-01
6.166339592124312929e+00,1.616156525720514381e+00,1.616156525720514381e+00,1.616156525720514381e+00,9.298584119930525249e-01,5.911800993615249356e-01,5.911800993615249356e-01,5.911800993615249356e-01,5.911800993615249356e-01,4.709478620509949254e-01,4.709478620509949254e-01,4.709478620509949254e-01,4.709478620509949254e-01,4.709478620509949254e-01,4.709478620509949254e-01,4.709478620509949254e-01,4.709478620509949254e-01,4.709478620509949254e-01,4.709478620509949254e-01,4.709478620509949254e-01,4.709478620509949254e-01
1.463105973244504909e+01,6.839036895482763612e+00,6.019548079426829901e+00,1.776782808143892112e+00,1.532936776077981733e+00,6.335150517782929258e-01,4.569436400647114427e-01,4.569436400647114427e-01,4.569436400647114427e-01,4.569436400647114427e-01,4.569436400647114427e-01,4.569436400647114427e-01,4.024497494480262505e-01,4.024497494480262505e-01,4.024497494480262505e-01,4.024497494480262505e-01,4.024497494480262505e-01,4.024497494480262505e-01,4.024497494480262505e-01,4.024497494480262505e-01,4.024497494480262505e-01
2.087576548445779778e+00,2.087576548445779778e+00,1.114601536907407819e+00,6.592564695715595890e-01,6.592564695715595890e-01,6.592564695715595890e-01,6.592564695715595890e-01,6.592564695715595890e-01,6.592564695715595890e-01,6.592564695715595890e-01,6.559899267504382125e-01,6.559899267504382125e-01,4.795836894082744495e-01,4.795836894082744495e-01,4.795836894082744495e-01,4.795836894082744495e-01,4.795836894082744495e-01,4.795836894082744495e-01,4.795836894082744495e-01,4.795836894082744495e-01,4.795836894082744495e-01
1.094298286285527055e+00,1.094298286285527055e+00,6.321047794180928436e-01,6.321047794180928436e-01,6.321047794180928436e-01,6.321047794180928436e-01,6.321047794180928436e-01,6.321047794180928436e-01,6.321047794180928436e-01,6.321047794180928436e-01,6.321047794180928436e-01,6.321047794180928436e-01,5.942786438615731415e-01,5.942786438615731415e-01,5.942786438615731415e-01,5.942786438615731415e-01,5.942786438615731415e-01,4.046226990097175902e-01,4.046226990097175902e-01,4.046226990097175902e-01,4.046226990097175902e-01
1.686375184037311570e+00,1.686375184037311570e+00,1.686375184037311570e+00,1.102028716200004865e+00,1.102028716200004865e+00,1.102028716200004865e+00,6.329065417066584986e-01,4.556379112904204165e-01,4.556379112904204165e-01,4.556379112904204165e-01,4.556379112904204165e-01,4.556379112904204165e-01,4.556379112904204165e-01,4.556379112904204165e-01,4.556379112904204165e-01,4.556379112904204165e-01,4.556379112904204165e-01,4.556379112904204165e-01,4.556379112904204165e-01,4.556379112904204165e-01,4.556379112904204165e-01
5.604303918368117365e+00,5.604303918368117365e+00,1.792956944179161738e+00,1.792956944179161738e+00,1.792956944179161738e+00,8.864331886859738718e-01,4.675326472663529076e-01,4.675326472663529076e-01,4.675326472663529076e-01,4.675326472663529076e-01,4.675326472663529076e-01,4.675326472663529076e-01,4.675326472663529076e-01,4.675326472663529076e-01,4.675326472663529076e-01,4.675326472663529076e-01,4.675326472663529076e-01,4.675326472663529076e-01,4.675326472663529076e-01,4.675326472663529076e-01,4.675326472663529076e-01
5.101854702066825453e+00,5.101854702066825453e+00,5.101854702066825453e+00,5.101854702066825453e+00,2.576904117093164359e+00,2.236260889708851174e+00,2.236260889708851174e+00,1.457282159762433693e+00,8.750922904372907540e-01,8.750922904372907540e-01,8.750922904372907540e-01,8.750922904372907540e-01,8.750922904372907540e-01,8.750922904372907540e-01,8.750922904372907540e-01,8.750922904372907540e-01,8.750922904372907540e-01,8.750922904372907540e-01,8.750922904372907540e-01,8.750922904372907540e-01,8.750922904372907540e-01
2.061964464423118315e+01,8.631253084916005847e+00,8.631253084916005847e+00,8.631253084916005847e+00,8.631253084916005847e+00,2.988385194428309077e+00,1.185728268438397848e+00,6.083394057151246814e-01,6.083394057151246814e-01,6.083394057151246814e-01,6.083394057151246814e-01,4.991507403573881563e-01,4.991507403573881563e-01,4.991507403573881563e-01,4.991507403573881563e-01,4.991507403573881563e-01,4.991507403573881563e-01,4.991507403573881563e-01,4.991507403573881563e-01,4.991507403573881563e-01,4.991507403573881563e-01
8.005729131539522925e+00,8.005729131539522925e+00,8.005729131539522925e+00,1.970475873537159472e+00,1.970475873537159472e+00,1.970475873537159472e+00,8.842016530912034655e-01,4.181941100455387472e-01,4.181941100455387472e-01,4.181941100455387472e-01,4.181941100455387472e-01,4.181941100455387472e-01,4.181941100455387472e-01,4.181941100455387472e-01,4.181941100455387472e-01,4.181941100455387472e-01,4.181941100455387472e-01,4.181941100455387472e-01,4.181941100455387472e-01,4.181941100455387472e-01,4.181941100455387472e-01
1.746895377936693805e+00,1.746895377936693805e+00,1.244530528497804767e+00,1.244530528497804767e+00,1.244530528497804767e+00,1.244530528497804767e+00,6.346085849886425878e-01,6.008887004434894097e-01,6.008887004434894097e-01,6.008887004434894097e-01,6.008887004434894097e-01,6.008887004434894097e-01,6.008887004434894097e-01,6.008887004434894097e-01,6.008887004434894097e-01,6.008887004434894097e-01,6.008887004434894097e-01,6.008887004434894097e-01,4.807946835570772182e-01,4.807946835570772182e-01,4.807946835570772182e-01
4.827708080693826176e+00,4.827708080693826176e+00,4.827708080693826176e+00,1.868340865142808838e+00,7.321806046057465212e-01,4.890483682027327861e-01,4.890483682027327861e-01,4.890483682027327861e-01,4.890483682027327861e-01,4.890483682027327861e-01,4.890483682027327861e-01,4.890483682027327861e-01,4.890483682027327861e-01,4.890483682027327861e-01,4.890483682027327861e-01,3.987790400839480442e-01,3.987790400839480442e-01,3.987790400839480442e-01,3.987790400839480442e-01,3.987790400839480442e-01,3.987790400839480442e-01
3.557262108599126726e+00,3.557262108599126726e+00,2.584665433616262220e+00,1.468810307540621807e+00,6.199431268943823570e-01,5.049666028708906795e-01,5.049666028708906795e-01,5.049666028708906795e-01,5.049666028708906795e-01,5.049666028708906795e-01,5.049666028708906795e-01,5.049666028708906795e-01,5.049666028708906795e-01,5.049666028708906795e-01,5.049666028708906795e-01,5.049666028708906795e-01,3.983936136363511737e-01,3.983936136363511737e-01,3.983936136363511737e-01,3.983936136363511737e-01,3.983936136363511737e-01
4.992503075044600891e+00,4.992503075044600891e+00,3.952252992893659389e+00,3.952252992893659389e+00,3.952252992893659389e+00,3.212430107450718886e+00,2.022578016997520933e+00,1.412531792778660034e+00,1.412531792778660034e+00,1.220709536409659179e+00,1.220709536409659179e+00,1.220709536409659179e+00,1.220709536409659179e+00,1.220709536409659179e+00,1.220709536409659179e+00,1.220709536409659179e+00,1.220709536409659179e+00,9.965046949769115203e-01,9.965046949769115203e-01,4.008203493683916152e-01,4.008203493683916152e-01
4.858243836947121252e+00,1.453733137723787650e+00,1.453733137723787650e+00,1.453733137723787650e+00,9.109015312403113684e-01,9.109015312403113684e-01,9.109015312403113684e-01,9.109015312403113684e-01,5.634089720359246600e-01,5.634089720359246600e-01,5.634089720359246600e-01,5.634089720359246600e-01,5.634089720359246600e-01,5.634089720359246600e-01,5.634089720359246600e-01,5.634089720359246600e-01,5.634089720359246600e-01,5.634089720359246600e-01,5.634089720359246600e-01,5.634089720359246600e-01,5.634089720359246600e-01
1.237863797389685772e+00,1.237863797389685772e+00,4.361560648880066227e-01,4.361560648880066227e-01,4.361560648880066227e-01,4.361560648880066227e-01,4.361560648880066227e-01,4.361560648880066227e-01,4.361560648880066227e-01,4.361560648880066227e-01,4.361560648880066227e-01,4.361560648880066227e-01,4.361560648880066227e-01,4.361560648880066227e-01,4.361560648880066227e-01,4.361560648880066227e-01,4.361560648880066227e-01,4.361560648880066227e-01,4.361560648880066227e-01,4.361560648880066227e-01,4.361560648880066227e-01
