3.545196855107316303e+00,3.545196855107316303e+00,3.545196855107316303e+00,1.555627721676847486e+00,1.555627721676847486e+00,1.555627721676847486e+00,6.261621516706270540e-01,6.261621516706270540e-01,6.261621516706270540e-01,6.261621516706270540e-01,6.261621516706270540e-01,6.261621516706270540e-01,6.261621516706270540e-01,6.261621516706270540e-01,6.261621516706270540e-01,6.261621516706270540e-01,6.261621516706270540e-01,6.261621516706270540e-01,6.261621516706270540e-01,6.261621516706270540e-01,6.261621516706270540e-01
9.746850357467707227e+00,9.746850357467707227e+00,9.746850357467707227e+00,9.746850357467707227e+00,9.746850357467707227e+00,4.480072414514732593e+00,2.014776173054571906e+00,2.014776173054571906e+00,2.014776173054571906e+00,2.014776173054571906e+00,2.014776173054571906e+00,2.014776173054571906e+00,2.014776173054571906e+00,2.014776173054571906e+00,2.014776173054571906e+00,2.014776173054571906e+00,2.014776173054571906e+00,1.959460096411355323e+00,1.959460096411355323e+00,1.959460096411355323e+00,1.959460096411355323e+00
7.693125871351418787e+00,7.693125871351418787e+00,3.999081677753049568e+00,3.999081677753049568e+00,3.999081677753049568e+00,2.389355001890185015e+00,2.389355001890185015e+00,5.440423251250035008e-01,5.440423251250035008e-01,5.440423251250035008e-01,5.440423251250035008e-01,5.440423251250035008e-01,4.025429055008178381e-01,4.025429055008178381e-01,4.025429055008178381e-01,4.025429055008178381e-01,4.025429055008178381e-01,4.025429055008178381e-01,4.025429055008178381e-01,4.025429055008178381e-01,4.025429055008178381e-01
5.094302375041933395e+00,5.094302375041933395e+00,5.094302375041933395e+00,5.094302375041933395e+00,4.517459702758684692e+00,5.245869500316668876e-01,5.245869500316668876e-01,5.245869500316668876e-01,5.245869500316668876e-01,5.245869500316668876e-01,5.245869500316668876e-01,5.245869500316668876e-01,5.245869500316668876e-01,5.245869500316668876e-01,5.245869500316668876e-01,5.245869500316668876e-01,5.245869500316668876e-01,5.245869500316668876e-01,5.245869500316668876e-01,5.245869500316668876e-01,5.245869500316668876e-01
8.843966319397878806e+00,8.843966319397878806e+00,1.681423006722917890e+00,1.681423006722917890e+00,8.662060347005571259e-01,8.662060347005571259e-01,8.662060347005571259e-01,8.662060347005571259e-01,8.662060347005571259e-01,8.662060347005571259e-01,4.350660324336583784e-01,4.350660324336583784e-01,4.350660324336583784e-01,4.350660324336583784e-01,4.350660324336583784e-01,4.350660324336583784e-01,4.350660324336583784e-01,4.350660324336583784e-01,4.350660324336583784e-01,4.350660324336583784e-01,4.350660324336583784e-01
6.166339592124312041e+00,1.743537638777434395e+00,1.743537638777434395e+00,1.743537638777434395e+00,1.743537638777434395e+00,1.743537638777434395e+00,1.743537638777434395e+00,1.743537638777434395e+00,1.743537638777434395e+00,1.240177287016242857e+00,1.240177287016242857e+00,1.240177287016242857e+00,7.390140812445427088e-01,7.390140812445427088e-01,7.390140812445427088e-01,7.390140812445427088e-01,7.390140812445427088e-01,7.390140812445427088e-01,7.390140812445427088e-01,7.390140812445427088e-01,7.390140812445427088e-01
1.463105973244504909e+01,6.199031542734508626e+00,5.329897562453813187e+00,1.374190589831508547e+00,1.237044884361241159e+00,4.151221790289945091e-01,4.151221790289945091e-01,4.151221790289945091e-01,4.151221790289945091e-01,4.151221790289945091e-01,4.151221790289945091e-01,4.151221790289945091e-01,4.151221790289945091e-01,4.151221790289945091e-01,4.151221790289945091e-01,4.151221790289945091e-01,4.151221790289945091e-01,4.151221790289945091e-01,4.151221790289945091e-01,4.151221790289945091e-01,4.151221790289945091e-01
2.087576548445779778e+00,2.087576548445779778e+00,8.814295650173722407e-01,8.814295650173722407e-01,5.534407418051348060e-01,5.534407418051348060e-01,5.534407418051348060e-01,5.534407418051348060e-01,5.534407418051348060e-01,5.534407418051348060e-01,5.534407418051348060e-01,5.534407418051348060e-01,5.534407418051348060e-01,5.534407418051348060e-01,5.184243701557011974e-01,5.184243701557011974e-01,5.184243701557011974e-01,5.184243701557011974e-01,5.184243701557011974e-01,5.184243701557011974e-01,5.184243701557011974e-01
1.094298286285527055e+00,1.094298286285527055e+00,6.107424459708479247e-01,6.107424459708479247e-01,6.107424459708479247e-01,6.107424459708479247e-01,6.107424459708479247e-01,6.107424459708479247e-01,6.107424459708479247e-01,6.107424459708479247e-01,6.107424459708479247e-01,6.107424459708479247e-01,6.107424459708479247e-01,6.107424459708479247e-01,6.107424459708479247e-01,6.107424459708479247e-01,6.107424459708479247e-01,6.107424459708479247e-01,6.107424459708479247e-01,6.107424459708479247e-01,6.107424459708479247e-01
1.686375184037311570e+00,1.686375184037311570e+00,1.686375184037311570e+00,1.686375184037311570e+00,1.686375184037311570e+00,1.686375184037311570e+00,1.090478666630803062e+00,6.687565555013552654e-01,6.687565555013552654e-01,6.687565555013552654e-01,6.687565555013552654e-01,6.687565555013552654e-01,6.687565555013552654e-01,6.687565555013552654e-01,6.687565555013552654e-01,6.687565555013552654e-01,6.687565555013552654e-01,6.687565555013552654e-01,6.687565555013552654e-01,6.687565555013552654e-01,6.687565555013552654e-01
5.604303918368116477e+00,5.604303918368116477e+00,2.102814975256947605e+00,2.102814975256947605e+00,2.102814975256947605e+00,2.102814975256947605e+00,6.898478329228812100e-01,6.898478329228812100e-01,6.898478329228812100e-01,4.126981824742941285e-01,4.126981824742941285e-01,4.126981824742941285e-01,4.126981824742941285e-01,4.126981824742941285e-01,4.126981824742941285e-01,4.126981824742941285e-01,4.126981824742941285e-01,4.126981824742941285e-01,4.126981824742941285e-01,4.126981824742941285e-01,4.126981824742941285e-01
5.101854702066826341e+00,5.101854702066826341e+00,5.101854702066826341e+00,2.848205398671558086e+00,2.437296100089729300e+00,1.707461857401998628e+00,9.963724924775316794e-01,9.963724924775316794e-01,9.963724924775316794e-01,9.963724924775316794e-01,9.963724924775316794e-01,9.963724924775316794e-01,9.963724924775316794e-01,9.963724924775316794e-01,9.963724924775316794e-01,9.963724924775316794e-01,9.963724924775316794e-01,9.963724924775316794e-01,9.963724924775316794e-01,9.963724924775316794e-01,9.963724924775316794e-01
2.061964464423118315e+01,7.582078225540143102e+00,7.582078225540143102e+00,7.582078225540143102e+00,7.582078225540143102e+00,2.846354919955478735e+00,1.016542964527147319e+00,1.016542964527147319e+00,1.016542964527147319e+00,7.652031449540857011e-01,7.652031449540857011e-01,7.652031449540857011e-01,7.652031449540857011e-01,7.652031449540857011e-01,7.652031449540857011e-01,7.652031449540857011e-01,7.652031449540857011e-01,7.652031449540857011e-01,7.652031449540857011e-01,7.652031449540857011e-01,7.652031449540857011e-01
8.005729131539524701e+00,8.005729131539524701e+00,8.005729131539524701e+00,1.980314441944553749e+00,1.980314441944553749e+00,8.821961592944198571e-01,8.821961592944198571e-01,8.821961592944198571e-01,8.821961592944198571e-01,5.279163764191157071e-01,5.279163764191157071e-01,5.279163764191157071e-01,5.279163764191157071e-01,5.279163764191157071e-01,5.279163764191157071e-01,5.279163764191157071e-01,5.279163764191157071e-01,5.279163764191157071e-01,5.279163764191157071e-01,5.279163764191157071e-01,5.279163764191157071e-01
1.746895377936693805e+00,1.746895377936693805e+00,1.746895377936693805e+00,1.746895377936693805e+00,1.746895377936693805e+00,1.746895377936693805e+00,1.746895377936693805e+00,1.055272790659273596e+00,1.055272790659273596e+00,1.055272790659273596e+00,1.055272790659273596e+00,1.055272790659273596e+00,1.055272790659273596e+00,1.055272790659273596e+00,1.055272790659273596e+00,1.055272790659273596e+00,1.055272790659273596e+00,4.879763689951115424e-01,4.879763689951115424e-01,4.879763689951115424e-01,4.879763689951115424e-01
4.827708080693827064e+00,4.827708080693827064e+00,4.827708080693827064e+00,1.538517307111410659e+00,9.622616133965458118e-01,9.622616133965458118e-01,9.622616133965458118e-01,4.142009324584972063e-01,4.142009324584972063e-01,4.142009324584972063e-01,4.142009324584972063e-01,4.142009324584972063e-01,4.142009324584972063e-01,4.142009324584972063e-01,4.142009324584972063e-01,4.142009324584972063e-01,4.142009324584972063e-01,4.142009324584972063e-01,4.142009324584972063e-01,4.142009324584972063e-01,4.142009324584972063e-01
3.557262108599126726e+00,3.557262108599126726e+00,2.426446164743163436e+00,8.411559538737716224e-01,8.411559538737716224e-01,6.299754059296542863e-01,6.299754059296542863e-01,6.299754059296542863e-01,6.299754059296542863e-01,6.299754059296542863e-01,6.299754059296542863e-01,6.299754059296542863e-01,6.299754059296542863e-01,6.299754059296542863e-01,6.299754059296542863e-01,6.299754059296542863e-01,6.299754059296542863e-01,6.299754059296542863e-01,6.299754059296542863e-01,6.299754059296542863e-01,6.299754059296542863e-01
4.992503075044601779e+00,4.992503075044601779e+00,4.505326706468077980e+00,4.505326706468077980e+00,2.681868361856531990e+00,2.681868361856531990e+00,1.471619196052438738e+00,7.842098221426425653e-01,7.842098221426425653e-01,7.842098221426425653e-01,7.842098221426425653e-01,7.842098221426425653e-01,7.842098221426425653e-01,7.842098221426425653e-01,7.842098221426425653e-01,7.842098221426425653e-01,7.842098221426425653e-01,7.842098221426425653e-01,7.842098221426425653e-01,7.842098221426425653e-01,7.842098221426425653e-01
4.858243836947120364e+00,1.700635816043666537e+00,1.700635816043666537e+00,1.700635816043666537e+00,8.643475834366345367e-01,8.643475834366345367e-01,8.643475834366345367e-01,4.942580870853170438e-01,4.942580870853170438e-01,4.942580870853170438e-01,4.942580870853170438e-01,4.942580870853170438e-01,4.942580870853170438e-01,4.942580870853170438e-01,4.942580870853170438e-01,4.942580870853170438e-01,4.942580870853170438e-01,4.942580870853170438e-01,4.942580870853170438e-01,4.942580870853170438e-01,4.942580870853170438e-01
1.237863797389685772e+00,1.237863797389685772e+00,1.098010656933322338e+00,1.098010656933322338e+00,1.098010656933322338e+00,1.098010656933322338e+00,1.098010656933322338e+00,5.526851174767823949e-01,5.526851174767823949e-01,5.526851174767823949e-01,5.526851174767823949e-01,5.526851174767823949e-01,5.526851174767823949e-01,5.526851174767823949e-01,5.526851174767823949e-01,5.526851174767823949e-01,5.526851174767823949e-01,5.526851174767823949e-01,5.526851174767823949e-01,5.526851174767823949e-01,5.526851174767823949e-01
