3.545196855107316303e+00,3.545196855107316303e+00,3.545196855107316303e+00,3.545196855107316303e+00,3.545196855107316303e+00,7.924332830474671852e-01,7.924332830474671852e-01,7.924332830474671852e-01,7.924332830474671852e-01,7.924332830474671852e-01,7.924332830474671852e-01,6.032517938038015615e-01,6.032517938038015615e-01,6.032517938038015615e-01,6.032517938038015615e-01,6.032517938038015615e-01,6.032517938038015615e-01,6.032517938038015615e-01,6.032517938038015615e-01,6.032517938038015615e-01,6.032517938038015615e-01
9.746850357467707227e+00,9.746850357467707227e+00,9.746850357467707227e+00,9.746850357467707227e+00,9.746850357467707227e+00,2.450440175521070962e+00,2.450440175521070962e+00,2.450440175521070962e+00,2.450440175521070962e+00,1.271924666865590581e+00,1.271924666865590581e+00,1.271924666865590581e+00,1.271924666865590581e+00,1.271924666865590581e+00,1.271924666865590581e+00,7.436243730120537521e-01,7.436243730120537521e-01,7.436243730120537521e-01,7.436243730120537521e-01,7.436243730120537521e-01,7.436243730120537521e-01
7.693125871351418787e+00,7.693125871351418787e+00,4.187960117828082751e+00,4.187960117828082751e+00,4.187960117828082751e+00,1.971628968528770898e+00,1.971628968528770898e+00,1.971628968528770898e+00,1.971628968528770898e+00,1.971628968528770898e+00,1.520207490666557248e+00,1.520207490666557248e+00,1.122988242638546907e+00,1.122988242638546907e+00,1.122988242638546907e+00,1.122988242638546907e+00,1.122988242638546907e+00,1.122988242638546907e+00,1.122988242638546907e+00,1.122988242638546907e+00,8.741760633034569850e-01
5.094302375041933395e+00,5.094302375041933395e+00,5.094302375041933395e+00,2.830939599851430621e+00,2.830939599851430621e+00,2.830939599851430621e+00,2.830939599851430621e+00,2.830939599851430621e+00,2.830939599851430621e+00,2.830939599851430621e+00,2.745981450951954450e+00,2.745981450951954450e+00,2.745981450951954450e+00,2.745981450951954450e+00,2.745981450951954450e+00,1.190097363259775776e+00,1.190097363259775776e+00,8.811536613576063104e-01,8.811536613576063104e-01,8.811536613576063104e-01,8.811536613576063104e-01
8.843966319397878806e+00,8.843966319397878806e+00,8.843966319397878806e+00,2.539880650808820306e+00,2.539880650808820306e+00,2.539880650808820306e+00,2.539880650808820306e+00,1.761995895877536356e+00,1.761995895877536356e+00,1.761995895877536356e+00,1.761995895877536356e+00,1.761995895877536356e+00,4.144839467070777772e-01,4.144839467070777772e-01,4.144839467070777772e-01,4.144839467070777772e-01,4.144839467070777772e-01,4.082271749668695549e-01,4.082271749668695549e-01,4.082271749668695549e-01,4.082271749668695549e-01
6.166339592124312041e+00,2.156793014758780380e+00,2.156793014758780380e+00,2.156793014758780380e+00,2.156793014758780380e+00,2.156793014758780380e+00,2.156793014758780380e+00,2.156793014758780380e+00,1.955858811956302290e+00,1.955858811956302290e+00,4.576056228861880015e-01,4.576056228861880015e-01,4.576056228861880015e-01,4.576056228861880015e-01,4.576056228861880015e-01,4.576056228861880015e-01,4.576056228861880015e-01,4.576056228861880015e-01,4.576056228861880015e-01,4.576056228861880015e-01,4.576056228861880015e-01
1.463105973244504909e+01,5.017504171522438661e+00,5.017504171522438661e+00,6.658331464430400359e-01,6.658331464430400359e-01,6.658331464430400359e-01,5.583787177212844455e-01,5.583787177212844455e-01,5.583787177212844455e-01,5.583787177212844455e-01,5.583787177212844455e-01,5.583787177212844455e-01,5.583787177212844455e-01,5.583787177212844455e-01,5.583787177212844455e-01,5.583787177212844455e-01,5.583787177212844455e-01,5.583787177212844455e-01,5.583787177212844455e-01,5.583787177212844455e-01,5.583787177212844455e-01
2.087576548445779778e+00,2.087576548445779778e+00,1.724126262889551953e+00,1.578291734533953772e+00,1.578291734533953772e+00,1.578291734533953772e+00,1.578291734533953772e+00,1.578291734533953772e+00,1.173444489549714476e+00,1.173444489549714476e+00,1.173444489549714476e+00,1.173444489549714476e+00,1.173444489549714476e+00,1.173444489549714476e+00,1.173444489549714476e+00,1.173444489549714476e+00,1.173444489549714476e+00,1.173444489549714476e+00,4.073925728440102034e-01,4.073925728440102034e-01,4.073925728440102034e-01
1.094298286285527055e+00,1.094298286285527055e+00,1.094298286285527055e+00,1.094298286285527055e+00,1.094298286285527055e+00,1.094298286285527055e+00,1.094298286285527055e+00,1.094298286285527055e+00,1.094298286285527055e+00,4.157159170402469073e-01,4.157159170402469073e-01,4.157159170402469073e-01,4.157159170402469073e-01,4.157159170402469073e-01,4.157159170402469073e-01,4.157159170402469073e-01,4.157159170402469073e-01,4.157159170402469073e-01,4.157159170402469073e-01,4.157159170402469073e-01,4.157159170402469073e-01
1.686375184037311570e+00,1.686375184037311570e+00,1.686375184037311570e+00,1.686375184037311570e+00,1.686375184037311570e+00,1.686375184037311570e+00,1.686375184037311570e+00,1.686375184037311570e+00,1.686375184037311570e+00,1.686375184037311570e+00,1.686375184037311570e+00,1.686375184037311570e+00,1.686375184037311570e+00,1.686375184037311570e+00,4.426502653949118127e-01,4.426502653949118127e-01,4.426502653949118127e-01,4.426502653949118127e-01,4.426502653949118127e-01,4.426502653949118127e-01,4.426502653949118127e-01
5.604303918368116477e+00,4.047928703998038280e+00,4.047928703998038280e+00,4.047928703998038280e+00,4.047928703998038280e+00,4.047928703998038280e+00,1.896591947199748773e+00,1.896591947199748773e+00,1.896591947199748773e+00,1.896591947199748773e+00,6.000571255236533119e-01,6.000571255236533119e-01,6.000571255236533119e-01,6.000571255236533119e-01,6.000571255236533119e-01,5.375761069423674599e-01,5.375761069423674599e-01,5.375761069423674599e-01,5.375761069423674599e-01,5.375761069423674599e-01,5.375761069423674599e-01
5.101854702066826341e+00,5.101854702066826341e+00,5.101854702066826341e+00,5.101854702066826341e+00,4.523720277565781878e+00,4.523720277565781878e+00,4.523720277565781878e+00,8.208979161915639366e-01,8.208979161915639366e-01,8.208979161915639366e-01,8.208979161915639366e-01,8.208979161915639366e-01,8.208979161915639366e-01,8.208979161915639366e-01,8.208979161915639366e-01,4.367416232070482351e-01,4.367416232070482351e-01,4.367416232070482351e-01,4.367416232070482351e-01,4.367416232070482351e-01,4.367416232070482351e-01
2.061964464423118315e+01,2.061964464423118315e+01,7.428356252545850857e+00,2.610018683456056365e+00,2.610018683456056365e+00,2.610018683456056365e+00,2.610018683456056365e+00,2.610018683456056365e+00,1.515303383863708220e+00,1.515303383863708220e+00,1.515303383863708220e+00,5.906042858238631510e-01,5.906042858238631510e-01,5.906042858238631510e-01,5.906042858238631510e-01,5.906042858238631510e-01,5.158898316122630945e-01,5.158898316122630945e-01,5.158898316122630945e-01,5.158898316122630945e-01,5.158898316122630945e-01
8.005729131539524701e+00,8.005729131539524701e+00,2.687318975809407817e+00,2.687318975809407817e+00,2.687318975809407817e+00,2.687318975809407817e+00,2.687318975809407817e+00,2.687318975809407817e+00,2.687318975809407817e+00,2.387766925706129584e+00,2.387766925706129584e+00,2.387766925706129584e+00,2.387766925706129584e+00,6.991857495021918112e-01,6.991857495021918112e-01,6.991857495021918112e-01,6.991857495021918112e-01,4.598908424464998035e-01,4.598908424464998035e-01,4.598908424464998035e-01,4.598908424464998035e-01
1.746895377936693805e+00,1.746895377936693805e+00,1.746895377936693805e+00,1.746895377936693805e+00,1.746895377936693805e+00,1.746895377936693805e+00,1.746895377936693805e+00,1.746895377936693805e+00,1.746895377936693805e+00,1.746895377936693805e+00,3.980484847582541619e-01,3.980484847582541619e-01,3.980484847582541619e-01,3.980484847582541619e-01,3.980484847582541619e-01,3.980484847582541619e-01,3.980484847582541619e-01,3.980484847582541619e-01,3.980484847582541619e-01,3.980484847582541619e-01,3.980484847582541619e-01
4.827708080693827064e+00,4.827708080693827064e+00,4.827708080693827064e+00,1.530676189201534143e+00,1.530676189201534143e+00,1.530676189201534143e+00,1.530676189201534143e+00,1.530676189201534143e+00,1.530676189201534143e+00,1.530676189201534143e+00,1.530676189201534143e+00,1.530676189201534143e+00,1.530676189201534143e+00,1.530676189201534143e+00,1.530676189201534143e+00,1.530676189201534143e+00,1.530676189201534143e+00,4.585223248756129522e-01,4.585223248756129522e-01,4.585223248756129522e-01,4.585223248756129522e-01
3.557262108599126726e+00,3.557262108599126726e+00,3.557262108599126726e+00,2.051804817434680572e+00,2.051804817434680572e+00,2.051804817434680572e+00,2.024115082901174922e+00,2.024115082901174922e+00,2.024115082901174922e+00,4.695813315747283667e-01,4.695813315747283667e-01,4.695813315747283667e-01,4.695813315747283667e-01,4.695813315747283667e-01,4.695813315747283667e-01,4.695813315747283667e-01,4.695813315747283667e-01,4.695813315747283667e-01,4.695813315747283667e-01,4.695813315747283667e-01,4.695813315747283667e-01
4.992503075044601779e+00,4.992503075044601779e+00,4.992503075044601779e+00,4.992503075044601779e+00,4.992503075044601779e+00,4.992503075044601779e+00,1.985664622171853466e+00,1.985664622171853466e+00,1.985664622171853466e+00,1.985664622171853466e+00,1.985664622171853466e+00,1.985664622171853466e+00,7.128110249923018671e-01,7.128110249923018671e-01,7.128110249923018671e-01,7.128110249923018671e-01,7.128110249923018671e-01,7.128110249923018671e-01,7.128110249923018671e-01,5.393853037262879013e-01,5.393853037262879013e-01
4.858243836947120364e+00,4.537996789701266742e+00,3.392281565803635601e+00,3.392281565803635601e+00,3.392281565803635601e+00,3.392281565803635601e+00,3.392281565803635601e+00,3.392281565803635601e+00,1.516518923701205779e+00,1.516518923701205779e+00,1.516518923701205779e+00,1.516518923701205779e+00,1.516518923701205779e+00,1.516518923701205779e+00,8.016572574108877802e-01,8.016572574108877802e-01,8.016572574108877802e-01,8.016572574108877802e-01,8.016572574108877802e-01,4.503102888334851173e-01,4.503102888334851173e-01
1.237863797389685772e+00,1.237863797389685772e+00,1.237863797389685772e+00,1.237863797389685772e+00,9.178970313948173754e-01,9.178970313948173754e-01,9.178970313948173754e-01,4.075638423598881843e-01,4.075638423598881843e-01,4.075638423598881843e-01,4.075638423598881843e-01,4.075638423598881843e-01,4.075638423598881843e-01,4.075638423598881843e-01,4.075638423598881843e-01,4.075638423598881843e-01,4.075638423598881843e-01,4.075638423598881843e-01,4.075638423598881843e-01,4.075638423598881843e-01,4.075638423598881843e-01
