3.545196855107317191e+00,3.545196855107317191e+00,3.545196855107317191e+00,2.098084644281247080e+00,2.098084644281247080e+00,2.098084644281247080e+00,2.098084644281247080e+00,2.098084644281247080e+00,6.955447973318200638e-01,6.955447973318200638e-01,6.955447973318200638e-01,6.955447973318200638e-01,6.955447973318200638e-01,6.955447973318200638e-01,6.955447973318200638e-01,6.955447973318200638e-01,6.955447973318200638e-01,6.955447973318200638e-01,6.955447973318200638e-01,6.955447973318200638e-01,6.955447973318200638e-01
9.746850357467707227e+00,4.505252923060005799e-01,4.505252923060005799e-01,4.505252923060005799e-01,4.505252923060005799e-01,4.505252923060005799e-01,4.505252923060005799e-01,4.505252923060005799e-01,4.505252923060005799e-01,4.505252923060005799e-01,4.505252923060005799e-01,4.505252923060005799e-01,4.505252923060005799e-01,4.505252923060005799e-01,4.505252923060005799e-01,4.505252923060005799e-01,4.505252923060005799e-01,4.505252923060005799e-01,4.505252923060005799e-01,4.505252923060005799e-01,4.505252923060005799e-01
7.693125871351419676e+00,7.693125871351419676e+00,4.255680920474652851e+00,4.255680920474652851e+00,4.255680920474652851e+00,2.372038674782682932e+00,2.372038674782682932e+00,2.372038674782682932e+00,2.372038674782682932e+00,2.372038674782682932e+00,2.372038674782682932e+00,1.052711265272105123e+00,1.052711265272105123e+00,1.052711265272105123e+00,1.052711265272105123e+00,1.052711265272105123e+00,1.052711265272105123e+00,1.052711265272105123e+00,1.052711265272105123e+00,1.052711265272105123e+00,1.052711265272105123e+00
5.094302375041930731e+00,5.094302375041930731e+00,5.094302375041930731e+00,4.276008621715014613e+00,4.276008621715014613e+00,4.276008621715014613e+00,4.276008621715014613e+00,4.276008621715014613e+00,2.487554180487542510e+00,2.487554180487542510e+00,2.487554180487542510e+00,2.487554180487542510e+00,2.487554180487542510e+00,2.487554180487542510e+00,2.487554180487542510e+00,2.084933270587576715e+00,2.084933270587576715e+00,2.084933270587576715e+00,1.582088527282536461e+00,1.582088527282536461e+00,6.766606558332952659e-01
8.843966319397878806e+00,8.843966319397878806e+00,8.843966319397878806e+00,2.488853847775096995e+00,2.488853847775096995e+00,2.488853847775096995e+00,2.488853847775096995e+00,2.488853847775096995e+00,2.488853847775096995e+00,2.488853847775096995e+00,1.943491599982969831e+00,1.943491599982969831e+00,5.022284831203513988e-01,5.022284831203513988e-01,4.405251446413878114e-01,4.405251446413878114e-01,4.405251446413878114e-01,4.405251446413878114e-01,4.405251446413878114e-01,4.405251446413878114e-01,4.405251446413878114e-01
6.166339592124312929e+00,5.621869663574393883e+00,5.058641094975609320e+00,5.058641094975609320e+00,5.058641094975609320e+00,5.058641094975609320e+00,3.841937339686491981e+00,2.139165997013002141e+00,2.139165997013002141e+00,1.438375531794722662e+00,4.994809797663819495e-01,4.994809797663819495e-01,4.994809797663819495e-01,4.994809797663819495e-01,4.994809797663819495e-01,4.994809797663819495e-01,4.994809797663819495e-01,4.994809797663819495e-01,4.994809797663819495e-01,4.994809797663819495e-01,4.994809797663819495e-01
1.463105973244504909e+01,5.051380472253033105e+00,5.051380472253033105e+00,4.518859521837832460e-01,4.518859521837832460e-01,4.518859521837832460e-01,4.518859521837832460e-01,4.518859521837832460e-01,4.518859521837832460e-01,4.518859521837832460e-01,4.518859521837832460e-01,4.518859521837832460e-01,4.518859521837832460e-01,4.518859521837832460e-01,4.518859521837832460e-01,4.518859521837832460e-01,4.518859521837832460e-01,4.518859521837832460e-01,4.518859521837832460e-01,4.518859521837832460e-01,4.031898021317310565e-01
2.087576548445778002e+00,2.087576548445778002e+00,1.524193649601532030e+00,1.524193649601532030e+00,1.524193649601532030e+00,1.196181234043901753e+00,1.196181234043901753e+00,1.196181234043901753e+00,1.196181234043901753e+00,1.196181234043901753e+00,1.196181234043901753e+00,1.196181234043901753e+00,1.196181234043901753e+00,1.196181234043901753e+00,1.196181234043901753e+00,8.005796790702710553e-01,8.005796790702710553e-01,8.005796790702710553e-01,7.581802587559458573e-01,7.581802587559458573e-01,7.581802587559458573e-01
1.094298286285525279e+00,1.094298286285525279e+00,1.094298286285525279e+00,1.094298286285525279e+00,1.094298286285525279e+00,1.094298286285525279e+00,1.094298286285525279e+00,1.094298286285525279e+00,1.094298286285525279e+00,1.094298286285525279e+00,6.199745769500601966e-01,6.199745769500601966e-01,6.199745769500601966e-01,6.199745769500601966e-01,6.199745769500601966e-01,6.199745769500601966e-01,6.199745769500601966e-01,5.480687054022617133e-01,5.480687054022617133e-01,5.480687054022617133e-01,5.480687054022617133e-01
1.686375184037313346e+00,1.686375184037313346e+00,1.686375184037313346e+00,1.686375184037313346e+00,1.686375184037313346e+00,1.686375184037313346e+00,1.686375184037313346e+00,1.686375184037313346e+00,1.274005022396188735e+00,1.274005022396188735e+00,1.274005022396188735e+00,1.274005022396188735e+00,1.274005022396188735e+00,1.274005022396188735e+00,1.274005022396188735e+00,1.274005022396188735e+00,1.274005022396188735e+00,7.903982538440210703e-01,7.903982538440210703e-01,7.903982538440210703e-01,4.874803609976794405e-01
5.604303918368117365e+00,5.604303918368117365e+00,5.604303918368117365e+00,5.604303918368117365e+00,4.429664794136403572e+00,2.549668516903317084e+00,1.965659070599219405e+00,1.965659070599219405e+00,1.965659070599219405e+00,1.965659070599219405e+00,1.965659070599219405e+00,1.846958773787147123e+00,1.846958773787147123e+00,1.846958773787147123e+00,1.846958773787147123e+00,1.846958773787147123e+00,1.846958773787147123e+00,4.789813508818916432e-01,4.789813508818916432e-01,4.197835284968327585e-01,4.197835284968327585e-01
5.101854702066827230e+00,5.101854702066827230e+00,5.101854702066827230e+00,5.101854702066827230e+00,2.204270982477684271e+00,2.204270982477684271e+00,2.204270982477684271e+00,6.627209316188178434e-01,6.627209316188178434e-01,6.627209316188178434e-01,6.627209316188178434e-01,6.627209316188178434e-01,6.627209316188178434e-01,6.627209316188178434e-01,6.627209316188178434e-01,6.627209316188178434e-01,6.627209316188178434e-01,6.627209316188178434e-01,6.627209316188178434e-01,6.627209316188178434e-01,6.627209316188178434e-01
2.061964464423118315e+01,1.756154976476958396e+01,1.096088903565150474e+01,1.096088903565150474e+01,1.096088903565150474e+01,1.096088903565150474e+01,2.946228191735794866e+00,1.639072426644819558e+00,1.639072426644819558e+00,1.639072426644819558e+00,1.639072426644819558e+00,4.769449774845035961e-01,4.769449774845035961e-01,4.769449774845035961e-01,4.769449774845035961e-01,4.769449774845035961e-01,4.769449774845035961e-01,4.769449774845035961e-01,4.769449774845035961e-01,4.769449774845035961e-01,4.769449774845035961e-01
8.005729131539521148e+00,8.005729131539521148e+00,8.005729131539521148e+00,8.005729131539521148e+00,4.080629565698494332e+00,4.080629565698494332e+00,4.080629565698494332e+00,4.080629565698494332e+00,3.573384293277602097e+00,4.635874069346108683e-01,4.635874069346108683e-01,4.635874069346108683e-01,4.635874069346108683e-01,4.635874069346108683e-01,4.635874069346108683e-01,4.635874069346108683e-01,4.635874069346108683e-01,3.997213416767095850e-01,3.997213416767095850e-01,3.997213416767095850e-01,3.997213416767095850e-01
1.746895377936692029e+00,1.746895377936692029e+00,1.746895377936692029e+00,1.746895377936692029e+00,1.746895377936692029e+00,1.746895377936692029e+00,1.746895377936692029e+00,1.746895377936692029e+00,1.746895377936692029e+00,1.746895377936692029e+00,1.746895377936692029e+00,1.746895377936692029e+00,1.746895377936692029e+00,1.400659923507006965e+00,1.400659923507006965e+00,1.400659923507006965e+00,1.400659923507006965e+00,1.400659923507006965e+00,1.400659923507006965e+00,1.400659923507006965e+00,1.400659923507006965e+00
4.827708080693827952e+00,4.827708080693827952e+00,4.827708080693827952e+00,2.005341309978426523e+00,2.005341309978426523e+00,2.005341309978426523e+00,2.005341309978426523e+00,2.005341309978426523e+00,2.005341309978426523e+00,2.005341309978426523e+00,2.005341309978426523e+00,2.005341309978426523e+00,8.556018841770089978e-01,8.556018841770089978e-01,8.556018841770089978e-01,8.556018841770089978e-01,8.556018841770089978e-01,8.556018841770089978e-01,8.556018841770089978e-01,8.556018841770089978e-01,8.556018841770089978e-01
3.557262108599125838e+00,3.557262108599125838e+00,3.557262108599125838e+00,3.557262108599125838e+00,3.557262108599125838e+00,1.980530535045705420e+00,1.980530535045705420e+00,1.980530535045705420e+00,1.980530535045705420e+00,1.980530535045705420e+00,1.980530535045705420e+00,5.041143954501876578e-01,5.041143954501876578e-01,5.041143954501876578e-01,5.041143954501876578e-01,5.041143954501876578e-01,5.041143954501876578e-01,5.041143954501876578e-01,5.041143954501876578e-01,5.041143954501876578e-01,5.041143954501876578e-01
4.992503075044599115e+00,4.992503075044599115e+00,4.992503075044599115e+00,4.992503075044599115e+00,4.992503075044599115e+00,4.992503075044599115e+00,3.586534442487426588e+00,5.886271314963380519e-01,5.886271314963380519e-01,5.886271314963380519e-01,5.886271314963380519e-01,5.886271314963380519e-01,5.886271314963380519e-01,5.886271314963380519e-01,5.886271314963380519e-01,5.886271314963380519e-01,5.886271314963380519e-01,5.886271314963380519e-01,5.886271314963380519e-01,3.996238893210097842e-01,3.996238893210097842e-01
4.858243836947121252e+00,4.858243836947121252e+00,4.858243836947121252e+00,4.858243836947121252e+00,4.858243836947121252e+00,4.858243836947121252e+00,1.947695666962999894e+00,1.947695666962999894e+00,1.947695666962999894e+00,1.947695666962999894e+00,1.947695666962999894e+00,1.245601325924667435e+00,1.245601325924667435e+00,9.504315580433164712e-01,9.504315580433164712e-01,4.442672437316517176e-01,4.152890806135651758e-01,4.152890806135651758e-01,3.994136890147679253e-01,3.988225011131341091e-01,3.988225011131341091e-01
1.237863797389685772e+00,1.237863797389685772e+00,1.237863797389685772e+00,1.237863797389685772e+00,1.237863797389685772e+00,1.237863797389685772e+00,1.237863797389685772e+00,1.237863797389685772e+00,1.237863797389685772e+00,1.237863797389685772e+00,1.237863797389685772e+00,1.237863797389685772e+00,1.237863797389685772e+00,1.237863797389685772e+00,1.237863797389685772e+00,1.237863797389685772e+00,1.237863797389685772e+00,1.237863797389685772e+00,1.237863797389685772e+00,4.336290924110244305e-01,4.336290924110244305e-01
