3.545196855107315415e+00,3.545196855107315415e+00,3.545196855107315415e+00,1.068448033853931278e+00,1.068448033853931278e+00,4.672369383482060101e-01,4.672369383482060101e-01,4.672369383482060101e-01,4.672369383482060101e-01,4.672369383482060101e-01,4.672369383482060101e-01,4.672369383482060101e-01,4.672369383482060101e-01,4.672369383482060101e-01,4.672369383482060101e-01,4.672369383482060101e-01,4.672369383482060101e-01,4.672369383482060101e-01,4.672369383482060101e-01,4.672369383482060101e-01,4.672369383482060101e-01
9.746850357467707227e+00,9.746850357467707227e+00,9.746850357467707227e+00,9.746850357467707227e+00,9.746850357467707227e+00,9.746850357467707227e+00,4.063622817452998248e+00,2.106830351368515153e+00,2.106830351368515153e+00,2.106830351368515153e+00,2.106830351368515153e+00,2.106830351368515153e+00,1.950019727982690299e+00,1.950019727982690299e+00,1.003599264377273315e+00,5.662391145826184413e-01,5.662391145826184413e-01,4.459862225757778020e-01,4.459862225757778020e-01,4.459862225757778020e-01,4.459862225757778020e-01
7.693125871351419676e+00,7.693125871351419676e+00,3.491429391630546775e+00,3.491429391630546775e+00,3.491429391630546775e+00,3.491429391630546775e+00,3.491429391630546775e+00,3.491429391630546775e+00,2.239788626214666678e+00,4.686358299872992461e-01,4.686358299872992461e-01,4.686358299872992461e-01,4.686358299872992461e-01,4.686358299872992461e-01,4.686358299872992461e-01,4.686358299872992461e-01,4.686358299872992461e-01,4.686358299872992461e-01,4.686358299872992461e-01,4.686358299872992461e-01,4.686358299872992461e-01
5.094302375041932507e+00,5.094302375041932507e+00,5.094302375041932507e+00,5.094302375041932507e+00,5.094302375041932507e+00,5.094302375041932507e+00,4.161375578321923285e+00,4.161375578321923285e+00,4.161375578321923285e+00,2.480756282162881021e+00,2.480756282162881021e+00,2.480756282162881021e+00,2.480756282162881021e+00,2.480756282162881021e+00,7.056073847528256948e-01,7.056073847528256948e-01,7.056073847528256948e-01,7.056073847528256948e-01,7.056073847528256948e-01,7.056073847528256948e-01,7.056073847528256948e-01
8.843966319397878806e+00,8.843966319397878806e+00,1.618875216215529989e+00,1.618875216215529989e+00,1.618875216215529989e+00,1.618875216215529989e+00,1.618875216215529989e+00,1.618875216215529989e+00,1.618875216215529989e+00,1.618875216215529989e+00,1.618875216215529989e+00,1.618875216215529989e+00,1.618875216215529989e+00,1.618875216215529989e+00,1.618875216215529989e+00,1.618875216215529989e+00,4.282450523514960139e-01,4.282450523514960139e-01,4.282450523514960139e-01,4.282450523514960139e-01,4.282450523514960139e-01
6.166339592124312929e+00,2.080764769866853214e+00,2.080764769866853214e+00,2.080764769866853214e+00,2.047339481056630106e+00,2.047339481056630106e+00,2.047339481056630106e+00,2.047339481056630106e+00,2.047339481056630106e+00,6.387702274400250957e-01,6.387702274400250957e-01,6.387702274400250957e-01,6.387702274400250957e-01,6.387702274400250957e-01,6.387702274400250957e-01,6.387702274400250957e-01,6.387702274400250957e-01,6.387702274400250957e-01,6.387702274400250957e-01,6.387702274400250957e-01,6.387702274400250957e-01
1.463105973244504909e+01,5.472255309555787761e+00,4.489375661698440823e+00,1.158758493400966927e+00,1.158758493400966927e+00,1.158758493400966927e+00,8.396123368082921701e-01,8.396123368082921701e-01,8.396123368082921701e-01,8.396123368082921701e-01,8.396123368082921701e-01,8.396123368082921701e-01,8.396123368082921701e-01,8.396123368082921701e-01,8.396123368082921701e-01,8.396123368082921701e-01,8.396123368082921701e-01,8.396123368082921701e-01,5.481793610719840615e-01,5.481793610719840615e-01,5.481793610719840615e-01
2.087576548445779778e+00,2.087576548445779778e+00,7.342115242394200436e-01,7.342115242394200436e-01,7.342115242394200436e-01,7.342115242394200436e-01,7.342115242394200436e-01,7.342115242394200436e-01,7.342115242394200436e-01,5.873753952508753429e-01,5.873753952508753429e-01,5.873753952508753429e-01,5.873753952508753429e-01,5.873753952508753429e-01,5.873753952508753429e-01,5.873753952508753429e-01,5.873753952508753429e-01,5.873753952508753429e-01,5.873753952508753429e-01,5.873753952508753429e-01,5.873753952508753429e-01
1.094298286285527055e+00,1.094298286285527055e+00,1.094298286285527055e+00,1.094298286285527055e+00,1.094298286285527055e+00,1.094298286285527055e+00,1.094298286285527055e+00,1.094298286285527055e+00,1.094298286285527055e+00,1.094298286285527055e+00,1.094298286285527055e+00,1.094298286285527055e+00,1.094298286285527055e+00,1.094298286285527055e+00,1.094298286285527055e+00,1.094298286285527055e+00,1.094298286285527055e+00,9.202378099491941299e-01,9.202378099491941299e-01,9.202378099491941299e-01,9.202378099491941299e-01
1.686375184037311570e+00,1.686375184037311570e+00,1.686375184037311570e+00,1.686375184037311570e+00,1.686375184037311570e+00,1.686375184037311570e+00,1.686375184037311570e+00,1.686375184037311570e+00,1.686375184037311570e+00,1.686375184037311570e+00,1.686375184037311570e+00,8.958143898236077263e-01,8.958143898236077263e-01,5.349474076834752623e-01,5.349474076834752623e-01,5.349474076834752623e-01,5.349474076834752623e-01,5.349474076834752623e-01,5.349474076834752623e-01,5.349474076834752623e-01,5.349474076834752623e-01
5.604303918368117365e+00,5.604303918368117365e+00,2.354031183156953588e+00,2.354031183156953588e+00,2.354031183156953588e+00,2.354031183156953588e+00,2.354031183156953588e+00,2.354031183156953588e+00,2.354031183156953588e+00,2.155969092644109963e+00,2.155969092644109963e+00,4.977923264596348929e-01,4.977923264596348929e-01,4.977923264596348929e-01,4.977923264596348929e-01,4.977923264596348929e-01,4.977923264596348929e-01,4.977923264596348929e-01,4.977923264596348929e-01,4.977923264596348929e-01,4.977923264596348929e-01
5.101854702066825453e+00,5.101854702066825453e+00,5.101854702066825453e+00,2.901348915710789456e+00,2.901348915710789456e+00,1.942383472892514007e+00,1.942383472892514007e+00,1.942383472892514007e+00,1.942383472892514007e+00,1.942383472892514007e+00,1.431095127914401743e+00,1.431095127914401743e+00,1.431095127914401743e+00,1.431095127914401743e+00,1.431095127914401743e+00,1.431095127914401743e+00,1.431095127914401743e+00,1.431095127914401743e+00,1.431095127914401743e+00,1.431095127914401743e+00,1.431095127914401743e+00
2.061964464423118315e+01,6.646295986291015367e+00,6.646295986291015367e+00,6.646295986291015367e+00,6.646295986291015367e+00,2.651475508153184890e+00,7.862148739898024985e-01,7.862148739898024985e-01,7.862148739898024985e-01,7.862148739898024985e-01,7.862148739898024985e-01,6.434289238302319802e-01,6.434289238302319802e-01,6.434289238302319802e-01,6.434289238302319802e-01,6.434289238302319802e-01,5.099908552101393155e-01,5.099908552101393155e-01,5.099908552101393155e-01,4.171657517718418973e-01,4.171657517718418973e-01
8.005729131539521148e+00,8.005729131539521148e+00,8.005729131539521148e+00,2.054579646199393039e+00,2.054579646199393039e+00,2.054579646199393039e+00,1.458757637872594159e+00,1.458757637872594159e+00,1.458757637872594159e+00,1.458757637872594159e+00,1.458757637872594159e+00,1.458757637872594159e+00,1.458757637872594159e+00,1.458757637872594159e+00,1.338246441438956325e+00,1.338246441438956325e+00,1.338246441438956325e+00,1.338246441438956325e+00,1.338246441438956325e+00,1.338246441438956325e+00,1.338246441438956325e+00
1.746895377936693805e+00,1.746895377936693805e+00,1.746895377936693805e+00,1.746895377936693805e+00,1.746895377936693805e+00,1.746895377936693805e+00,1.746895377936693805e+00,8.090206091384981590e-01,8.090206091384981590e-01,8.090206091384981590e-01,8.090206091384981590e-01,8.090206091384981590e-01,8.090206091384981590e-01,8.090206091384981590e-01,8.090206091384981590e-01,8.090206091384981590e-01,8.090206091384981590e-01,7.824491258606638411e-01,7.824491258606638411e-01,7.824491258606638411e-01,4.019812659494945706e-01
4.827708080693826176e+00,4.827708080693826176e+00,4.827708080693826176e+00,4.827708080693826176e+00,1.627491342754590065e+00,1.627491342754590065e+00,1.627491342754590065e+00,4.305840050689866416e-01,4.305840050689866416e-01,4.305840050689866416e-01,4.305840050689866416e-01,4.305840050689866416e-01,4.305840050689866416e-01,4.305840050689866416e-01,4.305840050689866416e-01,4.305840050689866416e-01,4.305840050689866416e-01,4.305840050689866416e-01,4.305840050689866416e-01,4.305840050689866416e-01,4.305840050689866416e-01
3.557262108599125838e+00,3.557262108599125838e+00,3.557262108599125838e+00,7.461371103410545658e-01,7.461371103410545658e-01,7.461371103410545658e-01,7.461371103410545658e-01,7.461371103410545658e-01,7.461371103410545658e-01,7.461371103410545658e-01,7.461371103410545658e-01,7.461371103410545658e-01,7.461371103410545658e-01,7.461371103410545658e-01,7.461371103410545658e-01,7.461371103410545658e-01,7.461371103410545658e-01,7.461371103410545658e-01,7.461371103410545658e-01,7.461371103410545658e-01,7.461371103410545658e-01
4.992503075044600891e+00,4.992503075044600891e+00,4.992503075044600891e+00,4.992503075044600891e+00,4.992503075044600891e+00,2.201097116122170405e+00,2.201097116122170405e+00,2.201097116122170405e+00,2.201097116122170405e+00,2.032285009931642961e+00,2.032285009931642961e+00,1.473417206150591241e+00,1.473417206150591241e+00,6.141958556304594197e-01,6.141958556304594197e-01,6.141958556304594197e-01,6.141958556304594197e-01,6.141958556304594197e-01,6.141958556304594197e-01,6.141958556304594197e-01,6.141958556304594197e-01
4.858243836947121252e+00,2.012844138563842478e+00,2.012844138563842478e+00,2.012844138563842478e+00,2.012844138563842478e+00,2.012844138563842478e+00,2.012844138563842478e+00,5.016466689871439399e-01,5.016466689871439399e-01,5.016466689871439399e-01,5.016466689871439399e-01,5.016466689871439399e-01,5.016466689871439399e-01,5.016466689871439399e-01,5.016466689871439399e-01,5.016466689871439399e-01,5.016466689871439399e-01,5.016466689871439399e-01,5.016466689871439399e-01,5.016466689871439399e-01,5.016466689871439399e-01
1.237863797389685772e+00,1.237863797389685772e+00,9.475437304769478430e-01,9.475437304769478430e-01,9.475437304769478430e-01,9.475437304769478430e-01,9.475437304769478430e-01,9.475437304769478430e-01,5.616466096244625561e-01,5.616466096244625561e-01,5.616466096244625561e-01,5.616466096244625561e-01,5.616466096244625561e-01,5.616466096244625561e-01,5.616466096244625561e-01,5.616466096244625561e-01,5.616466096244625561e-01,5.616466096244625561e-01,5.616466096244625561e-01,5.616466096244625561e-01,5.616466096244625561e-01
