3.545196855107315415e+00,3.545196855107315415e+00,2.315857311862227874e+00,9.038037966172076665e-01,4.194614349548597687e-01,4.194614349548597687e-01,4.194614349548597687e-01,4.194614349548597687e-01,4.194614349548597687e-01,4.194614349548597687e-01,4.194614349548597687e-01,4.194614349548597687e-01,4.194614349548597687e-01,4.194614349548597687e-01,4.194614349548597687e-01,4.194614349548597687e-01,4.194614349548597687e-01,4.194614349548597687e-01,4.194614349548597687e-01,4.194614349548597687e-01,4.194614349548597687e-01
9.746850357467707227e+00,9.746850357467707227e+00,9.746850357467707227e+00,5.319411074271327422e+00,5.319411074271327422e+00,5.319411074271327422e+00,2.320054643822245133e+00,1.120652271969376557e+00,1.120652271969376557e+00,1.040259097874086436e+00,5.852698191251572979e-01,5.852698191251572979e-01,5.852698191251572979e-01,4.384715809778239048e-01,4.019044568035159415e-01,4.019044568035159415e-01,4.019044568035159415e-01,4.019044568035159415e-01,4.019044568035159415e-01,4.019044568035159415e-01,4.019044568035159415e-01
7.693125871351418787e+00,7.693125871351418787e+00,4.060741776455270013e-01,4.060741776455270013e-01,4.060741776455270013e-01,4.060741776455270013e-01,4.060741776455270013e-01,4.060741776455270013e-01,4.060741776455270013e-01,4.060741776455270013e-01,4.060741776455270013e-01,4.060741776455270013e-01,4.060741776455270013e-01,4.060741776455270013e-01,4.060741776455270013e-01,4.060741776455270013e-01,4.060741776455270013e-01,4.060741776455270013e-01,4.060741776455270013e-01,4.060741776455270013e-01,4.060741776455270013e-01
5.094302375041932507e+00,5.094302375041932507e+00,5.094302375041932507e+00,5.094302375041932507e+00,4.152540431335243198e+00,4.152540431335243198e+00,5.026961218233765294e-01,5.026961218233765294e-01,5.026961218233765294e-01,5.026961218233765294e-01,4.399935094754425791e-01,4.399935094754425791e-01,4.399935094754425791e-01,4.399935094754425791e-01,4.399935094754425791e-01,4.399935094754425791e-01,4.399935094754425791e-01,4.399935094754425791e-01,4.096454651711667339e-01,4.096454651711667339e-01,4.096454651711667339e-01
8.843966319397878806e+00,8.843966319397878806e+00,1.812100268432301320e+00,1.453426478409330258e+00,1.453426478409330258e+00,8.346547827031916000e-01,5.769650068930438636e-01,4.077225260935808393e-01,4.077225260935808393e-01,4.077225260935808393e-01,4.077225260935808393e-01,4.077225260935808393e-01,4.077225260935808393e-01,4.077225260935808393e-01,4.077225260935808393e-01,4.077225260935808393e-01,4.077225260935808393e-01,4.077225260935808393e-01,4.077225260935808393e-01,4.077225260935808393e-01,4.077225260935808393e-01
6.166339592124312929e+00,1.650478778446979433e+00,1.650478778446979433e+00,1.650478778446979433e+00,1.191203822533386969e+00,6.248338360763643351e-01,4.327628966164454027e-01,4.327628966164454027e-01,4.327628966164454027e-01,4.327628966164454027e-01,4.327628966164454027e-01,4.327628966164454027e-01,4.327628966164454027e-01,4.327628966164454027e-01,4.327628966164454027e-01,4.327628966164454027e-01,4.327628966164454027e-01,4.327628966164454027e-01,4.327628966164454027e-01,4.327628966164454027e-01,4.327628966164454027e-01
1.463105973244504909e+01,7.013628719976980008e+00,6.149054726427491957e+00,1.833618700610132990e+00,1.556609705252787634e+00,8.051192930432637951e-01,8.051192930432637951e-01,8.050540546052875612e-01,5.310074802456998810e-01,5.310074802456998810e-01,5.310074802456998810e-01,5.310074802456998810e-01,4.585255977386495374e-01,4.585255977386495374e-01,4.585255977386495374e-01,4.585255977386495374e-01,4.585255977386495374e-01,4.585255977386495374e-01,4.585255977386495374e-01,4.585255977386495374e-01,4.585255977386495374e-01
2.087576548445779778e+00,2.087576548445779778e+00,2.087576548445779778e+00,8.191573760852648434e-01,8.191573760852648434e-01,8.191573760852648434e-01,5.459899580611011771e-01,4.253322699506227877e-01,4.253322699506227877e-01,4.253322699506227877e-01,4.253322699506227877e-01,4.253322699506227877e-01,4.253322699506227877e-01,4.253322699506227877e-01,4.253322699506227877e-01,4.253322699506227877e-01,4.253322699506227877e-01,4.253322699506227877e-01,4.253322699506227877e-01,4.253322699506227877e-01,4.253322699506227877e-01
1.094298286285527055e+00,1.094298286285527055e+00,7.414250297037128234e-01,7.414250297037128234e-01,7.414250297037128234e-01,7.414250297037128234e-01,5.575086683566841117e-01,5.575086683566841117e-01,5.575086683566841117e-01,5.575086683566841117e-01,5.575086683566841117e-01,5.575086683566841117e-01,5.216558379376916577e-01,5.216558379376916577e-01,5.216558379376916577e-01,5.216558379376916577e-01,5.216558379376916577e-01,5.216558379376916577e-01,5.216558379376916577e-01,5.175635248700114488e-01,5.175635248700114488e-01
1.686375184037311570e+00,1.686375184037311570e+00,1.686375184037311570e+00,1.686375184037311570e+00,9.700035274558018727e-01,5.622617423914135770e-01,5.622617423914135770e-01,5.622617423914135770e-01,5.622617423914135770e-01,4.957052904551755290e-01,4.382787194093662464e-01,4.382787194093662464e-01,4.382787194093662464e-01,4.382787194093662464e-01,4.382787194093662464e-01,4.382787194093662464e-01,4.382787194093662464e-01,4.382787194093662464e-01,4.382787194093662464e-01,4.382787194093662464e-01,4.382787194093662464e-01
5.604303918368117365e+00,5.604303918368117365e+00,1.631996966745210997e+00,1.631996966745210997e+00,1.631996966745210997e+00,9.228500677082287496e-01,4.940650896328939723e-01,4.498612600363962599e-01,4.498612600363962599e-01,4.498612600363962599e-01,4.498612600363962599e-01,4.498612600363962599e-01,4.498612600363962599e-01,4.498612600363962599e-01,4.498612600363962599e-01,4.498612600363962599e-01,4.498612600363962599e-01,4.498612600363962599e-01,4.498612600363962599e-01,4.498612600363962599e-01,4.498612600363962599e-01
5.101854702066825453e+00,5.101854702066825453e+00,5.101854702066825453e+00,5.101854702066825453e+00,2.698904029073499800e+00,2.068770354275943468e+00,2.068770354275943468e+00,1.534545968129762628e+00,9.960677394680779173e-01,6.303722481068962935e-01,5.180897851678363253e-01,5.180897851678363253e-01,5.180897851678363253e-01,5.180897851678363253e-01,5.180897851678363253e-01,5.180897851678363253e-01,5.180897851678363253e-01,4.208712862553234402e-01,4.208712862553234402e-01,4.208712862553234402e-01,4.208712862553234402e-01
2.061964464423118315e+01,8.939478866396223466e+00,8.939478866396223466e+00,8.939478866396223466e+00,8.939478866396223466e+00,3.024837997233564835e+00,1.347252246391494879e+00,6.114630547146351347e-01,6.114630547146351347e-01,6.114630547146351347e-01,6.114630547146351347e-01,4.683188863893317233e-01,4.683188863893317233e-01,4.683188863893317233e-01,4.297971823647710465e-01,4.160445447283169784e-01,4.160445447283169784e-01,4.160445447283169784e-01,4.160445447283169784e-01,4.160445447283169784e-01,4.160445447283169784e-01
8.005729131539522925e+00,8.005729131539522925e+00,8.005729131539522925e+00,1.984074405087152826e+00,1.083158619224814601e+00,1.083158619224814601e+00,7.495702591471218312e-01,7.495702591471218312e-01,7.495702591471218312e-01,7.495702591471218312e-01,7.495702591471218312e-01,7.495702591471218312e-01,5.781533900331314868e-01,4.518479380579663029e-01,4.518479380579663029e-01,4.518479380579663029e-01,4.518479380579663029e-01,4.518479380579663029e-01,4.172578708362628674e-01,4.172578708362628674e-01,4.172578708362628674e-01
1.746895377936693805e+00,1.746895377936693805e+00,5.286711430815280721e-01,5.286711430815280721e-01,4.165352454619206668e-01,4.165352454619206668e-01,4.165352454619206668e-01,4.165352454619206668e-01,4.165352454619206668e-01,4.165352454619206668e-01,4.165352454619206668e-01,4.165352454619206668e-01,4.165352454619206668e-01,4.165352454619206668e-01,4.165352454619206668e-01,4.165352454619206668e-01,4.165352454619206668e-01,4.165352454619206668e-01,4.165352454619206668e-01,4.165352454619206668e-01,4.165352454619206668e-01
4.827708080693826176e+00,4.827708080693826176e+00,4.827708080693826176e+00,2.062124901398951771e+00,1.186121190970320427e+00,1.070885155363678010e+00,9.617477446368258853e-01,8.518238997491351938e-01,8.518238997491351938e-01,8.518238997491351938e-01,5.988546152522644661e-01,5.988546152522644661e-01,4.366140370809485916e-01,4.005117130028121863e-01,4.005117130028121863e-01,4.005117130028121863e-01,4.005117130028121863e-01,4.005117130028121863e-01,4.005117130028121863e-01,4.005117130028121863e-01,4.005117130028121863e-01
3.557262108599126726e+00,3.557262108599126726e+00,2.538471819998500578e+00,1.626717783179127963e+00,8.202755548830662491e-01,8.202755548830662491e-01,7.732555951905677460e-01,6.773985659196561926e-01,6.773985659196561926e-01,6.773985659196561926e-01,5.223060953799407713e-01,5.223060953799407713e-01,4.437364024659480322e-01,4.437364024659480322e-01,4.437364024659480322e-01,4.437364024659480322e-01,4.437364024659480322e-01,4.270135823661274088e-01,4.270135823661274088e-01,4.270135823661274088e-01,4.270135823661274088e-01
4.992503075044600891e+00,4.992503075044600891e+00,4.992503075044600891e+00,3.785236224584145326e+00,3.785236224584145326e+00,3.785236224584145326e+00,3.785236224584145326e+00,3.785236224584145326e+00,2.242087558972958306e+00,2.242087558972958306e+00,5.914882275890747110e-01,5.914882275890747110e-01,5.914882275890747110e-01,4.818840946672082737e-01,4.092977714908876408e-01,4.092977714908876408e-01,4.092977714908876408e-01,4.092977714908876408e-01,4.092977714908876408e-01,4.092977714908876408e-01,4.092977714908876408e-01
4.858243836947121252e+00,1.408506009655772218e+00,1.408506009655772218e+00,1.408506009655772218e+00,1.055902852431346517e+00,1.039448885185276339e+00,9.877281976660174934e-01,9.877281976660174934e-01,9.877281976660174934e-01,9.877281976660174934e-01,9.877281976660174934e-01,9.877281976660174934e-01,9.877281976660174934e-01,9.877281976660174934e-01,9.877281976660174934e-01,9.877281976660174934e-01,9.877281976660174934e-01,7.252679527735494958e-01,7.252679527735494958e-01,5.913163696384700074e-01,5.913163696384700074e-01
1.237863797389685772e+00,1.237863797389685772e+00,1.237863797389685772e+00,1.237863797389685772e+00,1.237863797389685772e+00,1.237863797389685772e+00,7.318499693058910793e-01,4.819276821001121647e-01,4.218280387262218767e-01,4.218280387262218767e-01,4.218280387262218767e-01,4.218280387262218767e-01,4.218280387262218767e-01,4.218280387262218767e-01,4.218280387262218767e-01,4.218280387262218767e-01,4.218280387262218767e-01,4.218280387262218767e-01,4.218280387262218767e-01,4.218280387262218767e-01,4.218280387262218767e-01
