3.545196855107316303e+00,3.545196855107316303e+00,3.545196855107316303e+00,2.771872294600584041e+00,1.656127341929044761e+00,6.615826062541554364e-01,6.308643308325017074e-01,6.122151994113966822e-01,5.971882652159905547e-01,5.834025073486426294e-01,5.697732207813679395e-01,5.594572257774359514e-01,5.559616937916302959e-01,5.559616937916302959e-01,5.559616937916302959e-01,5.559616937916302959e-01,5.559616937916302959e-01,5.559616937916302959e-01,5.559616937916302959e-01,5.559616937916302959e-01,5.559616937916302959e-01
9.746850357467707227e+00,9.746850357467707227e+00,9.746850357467707227e+00,9.746850357467707227e+00,9.746850357467707227e+00,9.746850357467707227e+00,9.746850357467707227e+00,4.047397034501176272e+00,2.615087773675267790e+00,2.615087773675267790e+00,1.943870715430165319e+00,1.943870715430165319e+00,1.943870715430165319e+00,1.943870715430165319e+00,1.943870715430165319e+00,1.943870715430165319e+00,1.943870715430165319e+00,1.943870715430165319e+00,1.943870715430165319e+00,1.943870715430165319e+00,1.943870715430165319e+00
7.693125871351418787e+00,7.693125871351418787e+00,7.005785155934812103e+00,6.009841755196624113e+00,6.009841755196624113e+00,3.992800290246411699e+00,3.955921434416418414e+00,3.880809340042879363e+00,3.586297524286544025e+00,3.548319031995879946e+00,3.261833413652516001e+00,3.104691093344340125e+00,1.858098997953449683e+00,1.858098997953449683e+00,1.109073353586616406e+00,1.037197920826200104e+00,1.015518308664452363e+00,9.846530888385700564e-01,9.269977264303683739e-01,8.027638721142924538e-01,5.984397706664381644e-01
5.094302375041933395e+00,5.094302375041933395e+00,5.094302375041933395e+00,5.094302375041933395e+00,5.094302375041933395e+00,2.763772548520444516e+00,2.763772548520444516e+00,2.763772548520444516e+00,2.200391847031715642e+00,1.105359171738713897e+00,1.105359171738713897e+00,8.841486847734003618e-01,7.682354277239920037e-01,5.661534890917234719e-01,4.904447091299122263e-01,4.860302056014305094e-01,4.853399099719108989e-01,4.851170439468113216e-01,4.850586462641537366e-01,4.850586462641537366e-01,4.850586462641537366e-01
8.843966319397878806e+00,7.131143061973954644e-01,7.131143061973954644e-01,5.080857964767879764e-01,4.129497010746732144e-01,4.026358753669594392e-01,4.024939145943733365e-01,4.021827782583216049e-01,4.019105913989271528e-01,4.016820075862916894e-01,4.014897844883407174e-01,4.013264071715774151e-01,4.011854901263109952e-01,4.010616401601314607e-01,4.009519884296874892e-01,4.008536983188850655e-01,4.007639016282524835e-01,4.006819221280153442e-01,4.006066903694947001e-01,4.005369297280143570e-01,4.004705166187747523e-01
6.166339592124312041e+00,2.134017597374425534e+00,9.373634104745214302e-01,5.671984095746367416e-01,4.756125574538074829e-01,4.488114396569287123e-01,4.405509857712246458e-01,4.368577636237684914e-01,4.346750418407552274e-01,4.331688368606307904e-01,4.320274558304095791e-01,4.311100491900301535e-01,4.303345763537826940e-01,4.296602043496449141e-01,4.290554133749520105e-01,4.284967018253098558e-01,4.279743199161938350e-01,4.274717479761580563e-01,4.269833222355305935e-01,4.265014169844221215e-01,4.260191617538318098e-01
1.463105973244504909e+01,3.848807664386591831e+00,1.888508716100796292e+00,1.658775946827622860e+00,9.863740628689114942e-01,9.863740628689114942e-01,7.791390897820473782e-01,6.284670718947289458e-01,5.134280135510831400e-01,4.174830033594219003e-01,3.998394520695924825e-01,3.998394520695924825e-01,3.998394520695924825e-01,3.998394520695924825e-01,3.998394520695924825e-01,3.998394520695924825e-01,3.998394520695924825e-01,3.998394520695924825e-01,3.998394520695924825e-01,3.998394520695924825e-01,3.998394520695924825e-01
2.087576548445779778e+00,2.087576548445779778e+00,2.087576521268927898e+00,2.087576521268927898e+00,2.087576521268927898e+00,2.087576521268927898e+00,2.087576521268927898e+00,2.087576521268927898e+00,2.087576521268927898e+00,2.087576521268927898e+00,2.087576521268927898e+00,2.087576521268927898e+00,2.087576521268927898e+00,2.087576521268927898e+00,2.087576521268927898e+00,2.087576521268927898e+00,2.087576521268927898e+00,9.117740615917480085e-01,9.117740615917480085e-01,8.776463767649840264e-01,8.660434318340630711e-01
1.094298286285527055e+00,1.094298286285527055e+00,1.094298286285527055e+00,1.094298286285527055e+00,1.094298286285527055e+00,7.623389631813957124e-01,6.634716129055675538e-01,4.790336952296652129e-01,4.707685794759548514e-01,4.653727819110855535e-01,4.616447777184617962e-01,4.586022707258727849e-01,4.558957596385475597e-01,4.533640873622371004e-01,4.509031076965079876e-01,4.484587856335231493e-01,4.459611485724579438e-01,4.433762645075010056e-01,4.406560791860361093e-01,4.377466241996668117e-01,4.346046160586336526e-01
1.686375184037311570e+00,1.686375184037311570e+00,1.686375184037311570e+00,1.231656354015770560e+00,1.231656354015770560e+00,1.231656354015770560e+00,6.401263305146525084e-01,6.375635896548370596e-01,6.375635896548370596e-01,6.375635896548370596e-01,6.373095317521855208e-01,6.370019894519494130e-01,6.367058756372809825e-01,6.364292625778027457e-01,6.361711397405080959e-01,6.359256506863975034e-01,6.356962699994141985e-01,6.354826087973179938e-01,6.352789453361804561e-01,6.350850763077211525e-01,6.349007068861887149e-01
5.604303918368116477e+00,5.604303918368116477e+00,5.604303918368116477e+00,8.993142698356315634e-01,8.993142698356315634e-01,6.217630414076165124e-01,5.433141403283059390e-01,5.019143364595670675e-01,4.297458802528595356e-01,4.187116348240991215e-01,4.132748440225633146e-01,4.132748440225633146e-01,4.132748440225633146e-01,4.132748440225633146e-01,4.132748440225633146e-01,4.132748440225633146e-01,4.132748440225633146e-01,4.132748440225633146e-01,4.132748440225633146e-01,4.132748440225633146e-01,4.132748440225633146e-01
5.101854702066826341e+00,5.101851701364842562e+00,2.999076786323273680e+00,2.999076786323273680e+00,2.999076786323273680e+00,2.132331980137416316e+00,2.015766135837752770e+00,1.828161180947649456e+00,1.649072500397441132e+00,1.584979759976937075e+00,1.483757964300973953e+00,1.085893463960228900e+00,1.085893463960228900e+00,6.390012851589368381e-01,4.305026900659818523e-01,4.252942029546602498e-01,4.252942029546602498e-01,4.252942029546602498e-01,4.252942029546602498e-01,4.252942029546602498e-01,4.252942029546602498e-01
2.061964464423118315e+01,2.061964464423118315e+01,1.928578484882418564e+01,1.928578484882418564e+01,1.096088903565150474e+01,1.096088903565150474e+01,1.096088903565150474e+01,1.096088903565150474e+01,1.096088903565150474e+01,1.096088903565150474e+01,1.096088903565150474e+01,1.096088903565150474e+01,1.096088903565150474e+01,1.096088903565150474e+01,1.096088903565150474e+01,1.096088903565150474e+01,1.096088903565150474e+01,1.096088903565150474e+01,1.096088903565150474e+01,1.096088903565150474e+01,1.096088903565150474e+01
8.005729131539524701e+00,8.005729131539524701e+00,2.186927384213371184e+00,2.186927384213371184e+00,1.615798749779219889e+00,1.319394335675701413e+00,1.319394335675701413e+00,1.319394335675701413e+00,1.319394335675701413e+00,1.319394335675701413e+00,1.319394335675701413e+00,1.319394335675701413e+00,1.319394335675701413e+00,1.319394335675701413e+00,1.319394335675701413e+00,1.319394335675701413e+00,1.319394335675701413e+00,1.319394335675701413e+00,1.319394335675701413e+00,1.319394335675701413e+00,1.319394335675701413e+00
1.746895377936693805e+00,1.746895377936693805e+00,1.746895377936693805e+00,1.746895377936693805e+00,1.746895377936693805e+00,5.063060386120916689e-01,4.334600081906891944e-01,3.997209900046403419e-01,3.997209900046403419e-01,3.997209900046403419e-01,3.997209900046403419e-01,3.997209900046403419e-01,3.997209900046403419e-01,3.997209900046403419e-01,3.997209900046403419e-01,3.997209900046403419e-01,3.997209900046403419e-01,3.997209900046403419e-01,3.997209900046403419e-01,3.997209900046403419e-01,3.997209900046403419e-01
4.827708080693827064e+00,4.827708080693827064e+00,4.827708080693827064e+00,2.818163315538506630e+00,1.799543183727196904e+00,1.473261473067131178e+00,8.497724532257500130e-01,5.131742955888345392e-01,4.411802009815026793e-01,4.411802009815026793e-01,4.411802009815026793e-01,4.411802009815026793e-01,4.411802009815026793e-01,4.411802009815026793e-01,4.411802009815026793e-01,4.411802009815026793e-01,4.411802009815026793e-01,4.411802009815026793e-01,4.411802009815026793e-01,4.411802009815026793e-01,4.411802009815026793e-01
3.557262108599126726e+00,3.557262108599126726e+00,1.605913004624822449e+00,1.605913004624822449e+00,1.605913004624822449e+00,7.519546759247681678e-01,5.043463808286876571e-01,4.275412582848154841e-01,4.261970543851560933e-01,4.254557920742687571e-01,4.249480565213179517e-01,4.245497071686816781e-01,4.242102741686792911e-01,4.239087383660020691e-01,4.236346310519127911e-01,4.233730100793309248e-01,4.231272825531533499e-01,4.228935379744314105e-01,4.226674423073664144e-01,4.224470944454239429e-01,4.222341562477343047e-01
4.992503075044601779e+00,4.992503075044601779e+00,4.188537493194405492e+00,4.188537493194405492e+00,4.188537493194405492e+00,3.338149434958839201e+00,3.248979549333142813e+00,3.025517614995152371e+00,2.290873931126005125e+00,1.440171962147051232e+00,1.117824854300362603e+00,1.068687166218024842e+00,9.429505233312891477e-01,7.022190762086317761e-01,5.625310303258022060e-01,5.376060845257057963e-01,5.156821569695519969e-01,4.866942714787541036e-01,4.401805597030730155e-01,4.004508912693545142e-01,4.004508912693545142e-01
4.858243836947120364e+00,3.223721291848431925e+00,2.994687446847036583e+00,2.994687446847036583e+00,1.564738932492749868e+00,1.564738932492749868e+00,1.326888562724439780e+00,6.831373818871675496e-01,5.181796465301911070e-01,4.395137954133527813e-01,4.211813417272107785e-01,4.211813417272107785e-01,4.194669947368758756e-01,4.172399147094925098e-01,4.142274299843737850e-01,4.097911060679759743e-01,4.039559411530859734e-01,4.007140252114584911e-01,4.007140252114584911e-01,4.007140252114584911e-01,4.006740203567531466e-01
1.237863797389685772e+00,1.237863797389685772e+00,1.237863797389685772e+00,1.237863797389685772e+00,1.237863797389685772e+00,1.001988763010613681e+00,5.869197196212372347e-01,5.869197196212372347e-01,4.649520281928083421e-01,4.463738242556498648e-01,4.290470692793544316e-01,4.137655395314734363e-01,4.037543522375930394e-01,3.995105267579894814e-01,3.982951496125881619e-01,3.980181175433337160e-01,3.979735789380729472e-01,3.979735789380729472e-01,3.979735789380729472e-01,3.979735789380729472e-01,3.979735789380729472e-01
