3.545196855107317191e+00,3.545196855107317191e+00,3.545196855107317191e+00,7.068281771897666488e-01,7.068281771897666488e-01,4.136279293912785704e-01,4.136279293912785704e-01,4.136279293912785704e-01,4.136279293912785704e-01,4.136279293912785704e-01,4.136279293912785704e-01,4.136279293912785704e-01,4.136279293912785704e-01,4.136279293912785704e-01,4.136279293912785704e-01,4.136279293912785704e-01,4.136279293912785704e-01,4.136279293912785704e-01,4.136279293912785704e-01,4.136279293912785704e-01,4.136279293912785704e-01
9.746850357467707227e+00,9.746850357467707227e+00,9.746850357467707227e+00,9.746850357467707227e+00,9.746850357467707227e+00,9.746850357467707227e+00,3.623328885932902921e+00,3.443060842157297685e+00,3.443060842157297685e+00,3.443060842157297685e+00,3.443060842157297685e+00,3.443060842157297685e+00,1.960798833774056504e+00,1.960798833774056504e+00,1.960798833774056504e+00,1.183603677428049394e+00,1.183603677428049394e+00,1.183603677428049394e+00,1.183603677428049394e+00,5.536291824601171641e-01,5.536291824601171641e-01
7.693125871351419676e+00,7.693125871351419676e+00,2.258468827577562621e+00,2.258468827577562621e+00,2.258468827577562621e+00,2.258468827577562621e+00,2.258468827577562621e+00,2.258468827577562621e+00,2.258468827577562621e+00,4.047930157750094793e-01,4.047930157750094793e-01,4.047930157750094793e-01,4.047930157750094793e-01,4.047930157750094793e-01,4.047930157750094793e-01,4.047930157750094793e-01,4.047930157750094793e-01,4.047930157750094793e-01,4.047930157750094793e-01,4.047930157750094793e-01,4.047930157750094793e-01
5.094302375041930731e+00,5.094302375041930731e+00,2.272536697130018268e+00,2.272536697130018268e+00,2.006024855009087560e+00,2.006024855009087560e+00,2.006024855009087560e+00,2.006024855009087560e+00,2.006024855009087560e+00,2.006024855009087560e+00,2.006024855009087560e+00,2.006024855009087560e+00,2.006024855009087560e+00,2.006024855009087560e+00,2.006024855009087560e+00,2.006024855009087560e+00,2.006024855009087560e+00,4.732808205131533441e-01,4.732808205131533441e-01,4.732808205131533441e-01,4.732808205131533441e-01
8.843966319397878806e+00,8.843966319397878806e+00,8.843966319397878806e+00,1.513026447354274495e+00,1.513026447354274495e+00,1.513026447354274495e+00,1.513026447354274495e+00,1.513026447354274495e+00,1.513026447354274495e+00,1.513026447354274495e+00,1.513026447354274495e+00,1.513026447354274495e+00,1.513026447354274495e+00,8.872640878141844212e-01,8.872640878141844212e-01,8.872640878141844212e-01,7.200463827733791788e-01,4.629192079854220765e-01,4.629192079854220765e-01,4.629192079854220765e-01,4.629192079854220765e-01
6.166339592124312929e+00,2.688133347000899676e+00,2.688133347000899676e+00,2.688133347000899676e+00,2.688133347000899676e+00,2.688133347000899676e+00,2.688133347000899676e+00,2.688133347000899676e+00,1.519316101612073311e+00,1.519316101612073311e+00,1.519316101612073311e+00,1.519316101612073311e+00,1.519316101612073311e+00,4.103415034827442298e-01,4.103415034827442298e-01,4.103415034827442298e-01,4.103415034827442298e-01,4.103415034827442298e-01,4.103415034827442298e-01,4.103415034827442298e-01,4.103415034827442298e-01
1.463105973244504909e+01,4.092239977965004272e+00,4.092239977965004272e+00,3.265009931802136833e+00,3.265009931802136833e+00,3.265009931802136833e+00,3.265009931802136833e+00,5.389270575197393498e-01,5.389270575197393498e-01,5.389270575197393498e-01,5.389270575197393498e-01,5.389270575197393498e-01,5.389270575197393498e-01,5.389270575197393498e-01,5.389270575197393498e-01,5.389270575197393498e-01,5.389270575197393498e-01,5.297062668495584603e-01,4.070754781429606339e-01,4.070754781429606339e-01,4.070754781429606339e-01
2.087576548445778002e+00,2.087576548445778002e+00,6.593731527741866216e-01,6.593731527741866216e-01,6.593731527741866216e-01,6.593731527741866216e-01,6.593731527741866216e-01,6.593731527741866216e-01,6.593731527741866216e-01,6.593731527741866216e-01,6.593731527741866216e-01,6.593731527741866216e-01,6.593731527741866216e-01,6.593731527741866216e-01,6.593731527741866216e-01,6.593731527741866216e-01,6.593731527741866216e-01,6.593731527741866216e-01,6.593731527741866216e-01,6.593731527741866216e-01,6.593731527741866216e-01
1.094298286285525279e+00,1.094298286285525279e+00,1.094298286285525279e+00,1.094298286285525279e+00,1.094298286285525279e+00,1.094298286285525279e+00,1.094298286285525279e+00,1.094298286285525279e+00,1.094298286285525279e+00,1.094298286285525279e+00,1.094298286285525279e+00,1.094298286285525279e+00,1.094298286285525279e+00,1.094298286285525279e+00,9.596535197258759808e-01,7.197789434691195254e-01,7.197789434691195254e-01,7.197789434691195254e-01,4.114032705952546110e-01,4.114032705952546110e-01,4.114032705952546110e-01
1.686375184037313346e+00,1.686375184037313346e+00,1.686375184037313346e+00,1.686375184037313346e+00,1.686375184037313346e+00,1.686375184037313346e+00,1.686375184037313346e+00,1.686375184037313346e+00,1.686375184037313346e+00,1.686375184037313346e+00,1.686375184037313346e+00,1.686375184037313346e+00,1.686375184037313346e+00,5.949166562787873147e-01,5.949166562787873147e-01,5.949166562787873147e-01,5.949166562787873147e-01,5.949166562787873147e-01,5.949166562787873147e-01,4.854097642811119329e-01,4.854097642811119329e-01
5.604303918368117365e+00,5.604303918368117365e+00,5.604303918368117365e+00,3.545119050607230093e+00,3.545119050607230093e+00,3.545119050607230093e+00,3.545119050607230093e+00,3.545119050607230093e+00,3.545119050607230093e+00,2.053277601878317427e+00,2.053277601878317427e+00,2.053277601878317427e+00,2.053277601878317427e+00,2.053277601878317427e+00,1.943810992170870833e+00,1.943810992170870833e+00,1.943810992170870833e+00,1.943810992170870833e+00,1.943617273889291397e+00,5.012516290059316759e-01,5.012516290059316759e-01
5.101854702066827230e+00,5.101854702066827230e+00,5.101854702066827230e+00,5.101854702066827230e+00,2.250457085093096055e+00,1.649362969156427994e+00,1.649362969156427994e+00,1.649362969156427994e+00,1.649362969156427994e+00,1.649362969156427994e+00,1.649362969156427994e+00,1.649362969156427994e+00,1.649362969156427994e+00,1.649362969156427994e+00,1.649362969156427994e+00,1.649362969156427994e+00,6.717117581943305993e-01,6.717117581943305993e-01,6.717117581943305993e-01,6.717117581943305993e-01,6.717117581943305993e-01
2.061964464423118315e+01,5.822524485756783719e+00,5.822524485756783719e+00,5.822524485756783719e+00,2.278361946232440260e+00,7.558043695495548775e-01,7.558043695495548775e-01,7.558043695495548775e-01,7.558043695495548775e-01,7.558043695495548775e-01,7.558043695495548775e-01,7.558043695495548775e-01,7.558043695495548775e-01,7.558043695495548775e-01,7.558043695495548775e-01,7.558043695495548775e-01,7.558043695495548775e-01,7.558043695495548775e-01,7.558043695495548775e-01,7.558043695495548775e-01,7.558043695495548775e-01
8.005729131539521148e+00,8.005729131539521148e+00,8.005729131539521148e+00,8.005729131539521148e+00,1.980342260584272651e+00,1.980342260584272651e+00,1.980342260584272651e+00,1.980342260584272651e+00,1.980342260584272651e+00,1.980342260584272651e+00,9.698460492853229198e-01,9.698460492853229198e-01,9.698460492853229198e-01,9.698460492853229198e-01,9.698460492853229198e-01,9.698460492853229198e-01,9.698460492853229198e-01,9.698460492853229198e-01,4.117205965968828707e-01,4.117205965968828707e-01,4.117205965968828707e-01
1.746895377936692029e+00,1.746895377936692029e+00,1.746895377936692029e+00,1.746895377936692029e+00,1.746895377936692029e+00,1.746895377936692029e+00,1.746895377936692029e+00,6.836572323556460162e-01,6.836572323556460162e-01,6.836572323556460162e-01,6.836572323556460162e-01,6.836572323556460162e-01,6.836572323556460162e-01,6.836572323556460162e-01,6.836572323556460162e-01,5.432517438668362786e-01,5.432517438668362786e-01,5.432517438668362786e-01,5.432517438668362786e-01,5.432517438668362786e-01,5.432517438668362786e-01
4.827708080693827952e+00,4.827708080693827952e+00,4.827708080693827952e+00,4.827708080693827952e+00,1.771073172966101339e+00,1.771073172966101339e+00,1.771073172966101339e+00,1.771073172966101339e+00,1.771073172966101339e+00,1.771073172966101339e+00,1.771073172966101339e+00,1.771073172966101339e+00,1.771073172966101339e+00,1.771073172966101339e+00,1.771073172966101339e+00,1.771073172966101339e+00,5.127560749154866926e-01,5.127560749154866926e-01,5.127560749154866926e-01,5.127560749154866926e-01,5.127560749154866926e-01
3.557262108599125838e+00,3.557262108599125838e+00,3.557262108599125838e+00,5.995509304757185021e-01,5.995509304757185021e-01,5.995509304757185021e-01,5.995509304757185021e-01,5.995509304757185021e-01,5.995509304757185021e-01,5.995509304757185021e-01,5.995509304757185021e-01,5.995509304757185021e-01,5.995509304757185021e-01,5.995509304757185021e-01,5.995509304757185021e-01,5.995509304757185021e-01,5.995509304757185021e-01,5.995509304757185021e-01,5.995509304757185021e-01,5.995509304757185021e-01,5.995509304757185021e-01
4.992503075044599115e+00,4.992503075044599115e+00,4.992503075044599115e+00,4.992503075044599115e+00,4.992503075044599115e+00,2.337625006457564325e+00,2.337625006457564325e+00,2.337625006457564325e+00,5.023178580845062413e-01,5.023178580845062413e-01,5.023178580845062413e-01,5.023178580845062413e-01,5.023178580845062413e-01,5.023178580845062413e-01,5.023178580845062413e-01,5.023178580845062413e-01,5.023178580845062413e-01,5.023178580845062413e-01,5.023178580845062413e-01,5.023178580845062413e-01,5.023178580845062413e-01
4.858243836947121252e+00,2.536982969462091120e+00,9.147217516132641890e-01,9.147217516132641890e-01,9.147217516132641890e-01,9.147217516132641890e-01,4.941150196433632402e-01,4.941150196433632402e-01,4.941150196433632402e-01,4.941150196433632402e-01,4.941150196433632402e-01,4.941150196433632402e-01,4.941150196433632402e-01,4.941150196433632402e-01,4.941150196433632402e-01,4.941150196433632402e-01,4.941150196433632402e-01,4.941150196433632402e-01,4.941150196433632402e-01,4.941150196433632402e-01,4.941150196433632402e-01
1.237863797389685772e+00,1.237863797389685772e+00,7.177132101176617596e-01,7.177132101176617596e-01,7.177132101176617596e-01,7.177132101176617596e-01,7.177132101176617596e-01,7.177132101176617596e-01,7.177132101176617596e-01,6.277668518293602062e-01,6.277668518293602062e-01,6.277668518293602062e-01,6.277668518293602062e-01,6.277668518293602062e-01,6.277668518293602062e-01,6.277668518293602062e-01,6.277668518293602062e-01,4.414995388066174087e-01,4.414995388066174087e-01,4.414995388066174087e-01,4.414995388066174087e-01
