3.545196855107315415e+00,3.545196855107315415e+00,3.545196855107315415e+00,2.468941391328593582e+00,1.970300576767510137e+00,6.011359883758373712e-01,5.978259778954875259e-01,5.972577456258374440e-01,5.970297996907412141e-01,5.969536374950781266e-01,5.969536374950781266e-01,5.969536374950781266e-01,5.969536374950781266e-01,5.969536374950781266e-01,5.969536374950781266e-01,5.969536374950781266e-01,5.969536374950781266e-01,5.969536374950781266e-01,5.969536374950781266e-01,5.969536374950781266e-01,5.969536374950781266e-01
9.746850357467707227e+00,9.746850357467707227e+00,9.746850357467707227e+00,9.746850357467707227e+00,9.746850357467707227e+00,2.727649816248725045e+00,2.727649816248725045e+00,2.035279253623812679e+00,1.951057690387056454e+00,1.946947726242047594e+00,1.945891182093534510e+00,1.945437127483241824e+00,1.945179923718336923e+00,1.945012156176925799e+00,1.944888578923487543e+00,1.944792450477942580e+00,1.944714143227260550e+00,1.944648588268959699e+00,1.944589341049876907e+00,1.944536333734752986e+00,1.944492216727489620e+00
7.693125871351419676e+00,7.693125871351419676e+00,6.846580856770156487e+00,5.974610967225142844e+00,5.974610967225142844e+00,3.912051533214260246e+00,3.586545490662739866e+00,2.811743581770281608e+00,2.145652401682779598e+00,2.063108453102419304e+00,1.613621412158082080e+00,1.613621412158082080e+00,8.953452885499419978e-01,7.163712689699863745e-01,6.594670674240745711e-01,5.948546370133414030e-01,5.216566912709001969e-01,4.568762159385464372e-01,4.169442065152004773e-01,4.057274746743821936e-01,4.057274746743821936e-01
5.094302375041932507e+00,5.094302375041932507e+00,5.094302375041932507e+00,5.094302375041932507e+00,5.094302375041932507e+00,3.674001607158086102e+00,3.593998604948426490e+00,3.593998604948426490e+00,3.382548971432793650e+00,3.003096985897414584e+00,2.571446697335813880e+00,1.852244311728281190e+00,8.974510528861454617e-01,7.832418846608728558e-01,7.326883425511230286e-01,6.503894124477440641e-01,4.894247500346189383e-01,4.285014480842299633e-01,4.280775138672385793e-01,4.280775138672385793e-01,4.280775138672385793e-01
8.843966319397878806e+00,7.131138690082448051e-01,7.131138690082448051e-01,7.131138690082448051e-01,4.696893362357048574e-01,4.030504614182905954e-01,4.006320776103802217e-01,3.999046510526458320e-01,3.995895348218443388e-01,3.994159765200855361e-01,3.993073868302996488e-01,3.992344696028489182e-01,3.991829389366099434e-01,3.991456740464567332e-01,3.991188377549228505e-01,3.990983050097884899e-01,3.990838451478442295e-01,3.990732599237212241e-01,3.990660513742714244e-01,3.990610276955308677e-01,3.990587109621177575e-01
6.166339592124312929e+00,2.134017597374425534e+00,1.210560025278526908e+00,7.789574398392797860e-01,4.504765979077607341e-01,4.443110921128479163e-01,4.431314587492991564e-01,4.424625503777956936e-01,4.420247783063313562e-01,4.417311656367211015e-01,4.415361328228666338e-01,4.414114447037462696e-01,4.413378542402011107e-01,4.413017804546086609e-01,4.412930912637182956e-01,4.412930912637182956e-01,4.412930912637182956e-01,4.412930912637182956e-01,4.412930912637182956e-01,4.412930912637182956e-01,4.412930912637182956e-01
1.463105973244504909e+01,3.848809212965978332e+00,1.704079138277817762e+00,1.447876556058441011e+00,1.053456373249058942e+00,1.053456373249058942e+00,4.576029612976846295e-01,4.576029612976846295e-01,4.576029612976846295e-01,4.576029612976846295e-01,4.576029612976846295e-01,4.576029612976846295e-01,4.576029612976846295e-01,4.576029612976846295e-01,4.576029612976846295e-01,4.576029612976846295e-01,4.576029612976846295e-01,4.576029612976846295e-01,4.576029612976846295e-01,4.576029612976846295e-01,4.576029612976846295e-01
2.087576548445779778e+00,2.087576548445779778e+00,2.087576548445779778e+00,2.087576548445779778e+00,2.087576548445779778e+00,2.087576548445779778e+00,2.087576548445779778e+00,2.087576548445779778e+00,2.087576548445779778e+00,2.087576548445779778e+00,2.087576548445779778e+00,2.087576548445779778e+00,2.087576548445779778e+00,2.087576548445779778e+00,2.087576548445779778e+00,2.087576548445779778e+00,2.087576548445779778e+00,9.358833362447001036e-01,8.372845927489116491e-01,7.622854260451976671e-01,6.745718322415008572e-01
1.094298286285527055e+00,1.094298286285527055e+00,1.094298286285527055e+00,1.094298286285527055e+00,1.094298286285527055e+00,8.568235672625927890e-01,5.167950123527695894e-01,5.167950123527695894e-01,5.167950123527695894e-01,5.167950123527695894e-01,5.157686150614377851e-01,5.132616146875843555e-01,5.110543792961390608e-01,5.090544625534807466e-01,5.071828168033363227e-01,5.054129015021562310e-01,5.036992266696174170e-01,5.020424944071173456e-01,5.004086612477216534e-01,4.987993232407372801e-01,4.972068940274532167e-01
1.686375184037311570e+00,1.686375184037311570e+00,1.686375184037311570e+00,1.061048688505183080e+00,1.061048688505183080e+00,1.061048688505183080e+00,6.164783408565615019e-01,5.841752108479933980e-01,5.841752108479933980e-01,5.841752108479933980e-01,5.841752108479933980e-01,5.841752108479933980e-01,5.841752108479933980e-01,5.841752108479933980e-01,5.841752108479933980e-01,5.841752108479933980e-01,5.841752108479933980e-01,5.841752108479933980e-01,5.837801673564460003e-01,5.837801673564460003e-01,5.837801673564460003e-01
5.604303918368117365e+00,5.604303918368117365e+00,5.604303918368117365e+00,1.170140578100543394e+00,1.170140578100543394e+00,7.635789550779108481e-01,5.723090166468285389e-01,4.508936862112769006e-01,4.277128322416974271e-01,4.241709028155931094e-01,4.241002054956055645e-01,4.238634910404961431e-01,4.236157492826677640e-01,4.233845827312610055e-01,4.231666713847079819e-01,4.229683608390342187e-01,4.227839754417281881e-01,4.226062563654089388e-01,4.224425331890468982e-01,4.222868889900190936e-01,4.221394965156370915e-01
5.101854702066825453e+00,5.101854273147868213e+00,3.080525620615851778e+00,3.080525620615851778e+00,2.928176051126031965e+00,1.945524902369765385e+00,1.918705628268343233e+00,1.872576611888575826e+00,1.810503916177218287e+00,1.760813523929080304e+00,1.738481806849575761e+00,1.715797052314089299e+00,1.674818838543046695e+00,1.563644716074774621e+00,1.120988399740625141e+00,7.080882436418303172e-01,5.782240447499447100e-01,4.765617104764636736e-01,4.088246866972866655e-01,4.054618187669198903e-01,4.053035884431821501e-01
2.061964464423118315e+01,2.061964464423118315e+01,1.896589060977833086e+01,1.896589060977833086e+01,1.095681795444719242e+01,1.095681795444719242e+01,1.095681795444719242e+01,1.095681795444719242e+01,1.095681795444719242e+01,1.095681795444719242e+01,1.095681795444719242e+01,1.095681795444719242e+01,1.095681795444719242e+01,1.095681795444719242e+01,1.095681795444719242e+01,1.095681795444719242e+01,1.095681795444719242e+01,1.095681795444719242e+01,1.095681795444719242e+01,1.095681795444719242e+01,1.095681795444719242e+01
8.005729131539521148e+00,8.005729131539521148e+00,2.202249105314503907e+00,2.202249105314503907e+00,2.202249105314503907e+00,1.517378230987651122e+00,1.372100136418806571e+00,1.003501298665520736e+00,4.131703479403388002e-01,4.131703479403388002e-01,4.131703479403388002e-01,4.131703479403388002e-01,4.131703479403388002e-01,4.131703479403388002e-01,4.131703479403388002e-01,4.131703479403388002e-01,4.131703479403388002e-01,4.131703479403388002e-01,4.131703479403388002e-01,4.131703479403388002e-01,4.131703479403388002e-01
1.746895377936693805e+00,1.746895377936693805e+00,1.746895377936693805e+00,1.746895377936693805e+00,1.746895377936693805e+00,4.805969814972179677e-01,4.341805049043347964e-01,3.998308703497048811e-01,3.998308703497048811e-01,3.998308703497048811e-01,3.998308703497048811e-01,3.998308703497048811e-01,3.998308703497048811e-01,3.998308703497048811e-01,3.998308703497048811e-01,3.998308703497048811e-01,3.998308703497048811e-01,3.998308703497048811e-01,3.998308703497048811e-01,3.998308703497048811e-01,3.998308703497048811e-01
4.827708080693826176e+00,4.827708080693826176e+00,4.827708080693826176e+00,2.695504043922980486e+00,1.659403357761544129e+00,1.659403357761544129e+00,4.026172803901388875e-01,4.026172803901388875e-01,4.026172803901388875e-01,4.026172803901388875e-01,4.026172803901388875e-01,4.026172803901388875e-01,4.026172803901388875e-01,4.026172803901388875e-01,4.026172803901388875e-01,4.026172803901388875e-01,4.026172803901388875e-01,4.026172803901388875e-01,4.026172803901388875e-01,4.026172803901388875e-01,4.026172803901388875e-01
3.557262108599125838e+00,3.557262108599125838e+00,1.472367251986099745e+00,1.472367251986099745e+00,1.472367251986099745e+00,5.386496450503752698e-01,4.612968844123237488e-01,4.037362661496359806e-01,4.037362661496359806e-01,4.037362661496359806e-01,4.037362661496359806e-01,4.037362661496359806e-01,4.037362661496359806e-01,4.037362661496359806e-01,4.037362661496359806e-01,4.037362661496359806e-01,4.037362661496359806e-01,4.037362661496359806e-01,4.037362661496359806e-01,4.037362661496359806e-01,4.037362661496359806e-01
4.992503075044600891e+00,4.992503075044600891e+00,4.138701260217146682e+00,4.138701260217146682e+00,4.138701260217146682e+00,3.349943130422120774e+00,3.278455912849839393e+00,3.151109809150614893e+00,2.753967414020774385e+00,1.763580179171928108e+00,1.303008638276700992e+00,9.649771757070411127e-01,9.517058960421813651e-01,8.753683123858468917e-01,7.765001041768808676e-01,6.028558964332209058e-01,5.202944804075695373e-01,4.844666674638613557e-01,4.501655198132716862e-01,4.148488438973938486e-01,4.016544434294591071e-01
4.858243836947121252e+00,3.223721291848431036e+00,2.596492281841200622e+00,2.596492281841200622e+00,1.588782333606109987e+00,1.588782333606109987e+00,1.557623204274827700e+00,1.428188477792055266e+00,9.458878620008643878e-01,4.401934014791759608e-01,4.294755941425734136e-01,4.274155661635781200e-01,4.251743358002748607e-01,4.228570609643735878e-01,4.202520413534607258e-01,4.172933620854237802e-01,4.140374434095406286e-01,4.105662968484811159e-01,4.069778542809086019e-01,4.035540101218728637e-01,4.007582413986856551e-01
1.237863797389685772e+00,1.237863797389685772e+00,1.237863797389685772e+00,1.237863797389685772e+00,1.237863797389685772e+00,1.022378979326004966e+00,7.103597807027615119e-01,4.416895765746406965e-01,4.329522957079419143e-01,4.329522957079419143e-01,4.329522957079419143e-01,4.327455519512639626e-01,4.323292527695929977e-01,4.317963758660994245e-01,4.311687720411683244e-01,4.304656098729147118e-01,4.296673576922600546e-01,4.287707631117605445e-01,4.277766172177592807e-01,4.266329728754154615e-01,4.253141220811560430e-01
